enter the number of verticesInner Graphs for n = 8:  1
[(0, 1), (1, 2), (2, 3), (3, 4), (4, 5), (5, 6), (6, 7), (7, 8)]
Inner Graphs for n = 8:  1
[(0, 1), (0, 2), (1, 2), (2, 3), (3, 4), (4, 5), (5, 6), (6, 7), (7, 8)]
Inner Graphs for n = 9:  1
[(0, 1), (0, 2), (0, 3), (1, 2), (2, 3), (3, 4), (4, 5), (5, 6), (6, 7), (7, 8)]
[(0, 1), (0, 2), (1, 2), (2, 3), (3, 4), (4, 5), (5, 6), (6, 7), (6, 8), (7, 8)]
[(0, 1), (0, 3), (1, 2), (1, 3), (2, 3), (3, 4), (4, 5), (5, 6), (6, 7), (7, 8)]
[(0, 1), (1, 2), (1, 3), (2, 3), (2, 4), (3, 4), (4, 5), (5, 6), (6, 7), (7, 8)]
[(0, 1), (1, 2), (2, 3), (2, 4), (3, 4), (3, 5), (4, 5), (5, 6), (6, 7), (7, 8)]
Inner Graphs for n = 10:  5
enter the number of verticesInner Graphs for n = 8:  1
[(0, 1), (1, 2), (2, 3), (3, 4), (4, 5), (5, 6), (6, 7), (7, 8)]
Rectangular Dual Graphs for n = 8:  1
[(0, 1), (0, 2), (1, 2), (2, 3), (3, 4), (4, 5), (5, 6), (6, 7), (7, 8)]
Rectangular Dual Graphs for n = 9:  1
[(0, 1), (0, 2), (0, 3), (1, 2), (2, 3), (3, 4), (4, 5), (5, 6), (6, 7), (7, 8)]
[(0, 1), (0, 2), (1, 2), (2, 3), (3, 4), (4, 5), (5, 6), (6, 7), (6, 8), (7, 8)]
[(0, 1), (0, 3), (1, 2), (1, 3), (2, 3), (3, 4), (4, 5), (5, 6), (6, 7), (7, 8)]
[(0, 1), (1, 2), (1, 3), (2, 3), (2, 4), (3, 4), (4, 5), (5, 6), (6, 7), (7, 8)]
[(0, 1), (1, 2), (2, 3), (2, 4), (3, 4), (3, 5), (4, 5), (5, 6), (6, 7), (7, 8)]
Rectangular Dual Graphs for n = 10:  5
[(0, 1), (0, 2), (0, 3), (0, 4), (1, 2), (2, 3), (3, 4), (4, 5), (5, 6), (6, 7), (7, 8)]
[(0, 1), (0, 2), (0, 3), (1, 2), (2, 3), (3, 4), (4, 5), (5, 6), (6, 7), (6, 8), (7, 8)]
[(0, 1), (0, 2), (0, 4), (1, 2), (2, 3), (2, 4), (3, 4), (4, 5), (5, 6), (6, 7), (7, 8)]
[(0, 1), (0, 2), (1, 2), (2, 3), (2, 4), (3, 4), (3, 5), (4, 5), (5, 6), (6, 7), (7, 8)]
[(0, 1), (0, 2), (1, 2), (2, 3), (3, 4), (3, 5), (4, 5), (4, 6), (5, 6), (6, 7), (7, 8)]
[(0, 1), (0, 2), (1, 2), (2, 3), (3, 4), (4, 5), (4, 6), (5, 6), (5, 7), (6, 7), (7, 8)]
[(0, 1), (0, 2), (1, 2), (2, 3), (3, 4), (4, 5), (5, 6), (5, 7), (5, 8), (6, 7), (7, 8)]
[(0, 1), (1, 2), (1, 3), (1, 4), (2, 3), (3, 4), (3, 5), (4, 5), (5, 6), (6, 7), (7, 8)]
[(0, 1), (1, 2), (1, 3), (2, 3), (2, 4), (2, 5), (3, 4), (4, 5), (5, 6), (6, 7), (7, 8)]
[(0, 1), (1, 2), (1, 3), (2, 3), (2, 5), (3, 4), (3, 5), (4, 5), (5, 6), (6, 7), (7, 8)]
[(0, 1), (0, 4), (1, 2), (1, 4), (2, 3), (2, 4), (3, 4), (4, 5), (5, 6), (6, 7), (7, 8)]
[(0, 1), (1, 2), (2, 3), (2, 4), (2, 5), (3, 4), (4, 5), (4, 6), (5, 6), (6, 7), (7, 8)]
[(0, 1), (1, 2), (2, 3), (2, 4), (3, 4), (3, 5), (3, 6), (4, 5), (5, 6), (6, 7), (7, 8)]
Rectangular Dual Graphs for n = 11:  13
[(0, 1), (0, 2), (0, 3), (0, 4), (0, 5), (1, 2), (2, 3), (3, 4), (4, 5), (5, 6), (6, 7), (7, 8)]
[(0, 1), (0, 2), (0, 3), (0, 4), (1, 2), (1, 4), (2, 3), (3, 4), (4, 5), (5, 6), (6, 7), (7, 8)]
[(0, 1), (0, 2), (0, 3), (0, 4), (1, 2), (2, 3), (3, 4), (3, 5), (4, 5), (5, 6), (6, 7), (7, 8)]
[(0, 1), (0, 2), (0, 3), (0, 4), (1, 2), (2, 3), (3, 4), (4, 5), (5, 6), (6, 7), (6, 8), (7, 8)]
[(0, 1), (0, 2), (0, 3), (0, 5), (1, 2), (2, 3), (3, 4), (3, 5), (4, 5), (5, 6), (6, 7), (7, 8)]
[(0, 1), (0, 2), (0, 3), (1, 2), (2, 3), (3, 4), (3, 5), (4, 5), (4, 6), (5, 6), (6, 7), (7, 8)]
[(0, 1), (0, 2), (0, 3), (1, 2), (2, 3), (3, 4), (4, 5), (4, 6), (5, 6), (5, 7), (6, 7), (7, 8)]
[(0, 1), (0, 2), (0, 3), (1, 2), (2, 3), (3, 4), (4, 5), (5, 6), (5, 7), (5, 8), (6, 7), (7, 8)]
[(0, 1), (0, 2), (0, 3), (1, 2), (2, 3), (3, 4), (4, 5), (5, 6), (5, 7), (6, 7), (6, 8), (7, 8)]
[(0, 1), (0, 2), (0, 4), (0, 5), (1, 2), (2, 3), (2, 4), (3, 4), (4, 5), (5, 6), (6, 7), (7, 8)]
[(0, 1), (0, 2), (0, 4), (1, 2), (2, 3), (2, 4), (3, 4), (4, 5), (5, 6), (6, 7), (6, 8), (7, 8)]
[(0, 1), (0, 2), (0, 5), (1, 2), (2, 3), (2, 4), (2, 5), (3, 4), (4, 5), (5, 6), (6, 7), (7, 8)]
[(0, 1), (0, 2), (1, 2), (2, 3), (2, 4), (2, 5), (3, 4), (4, 5), (4, 6), (5, 6), (6, 7), (7, 8)]
[(0, 1), (0, 2), (1, 2), (2, 3), (2, 4), (3, 4), (3, 5), (3, 6), (4, 5), (5, 6), (6, 7), (7, 8)]
[(0, 1), (0, 2), (1, 2), (2, 3), (2, 4), (3, 4), (3, 5), (4, 5), (5, 6), (6, 7), (6, 8), (7, 8)]
[(0, 1), (0, 2), (1, 2), (2, 3), (2, 4), (3, 4), (3, 6), (4, 5), (4, 6), (5, 6), (6, 7), (7, 8)]
[(0, 1), (0, 2), (0, 5), (1, 2), (2, 3), (2, 5), (3, 4), (3, 5), (4, 5), (5, 6), (6, 7), (7, 8)]
[(0, 1), (0, 2), (1, 2), (2, 3), (3, 4), (3, 5), (3, 6), (4, 5), (5, 6), (5, 7), (6, 7), (7, 8)]
[(0, 1), (0, 2), (1, 2), (2, 3), (3, 4), (3, 5), (4, 5), (4, 6), (4, 7), (5, 6), (6, 7), (7, 8)]
[(0, 1), (0, 2), (1, 2), (2, 3), (3, 4), (3, 5), (4, 5), (4, 7), (5, 6), (5, 7), (6, 7), (7, 8)]
[(0, 1), (0, 2), (1, 2), (2, 3), (3, 4), (4, 5), (4, 6), (4, 7), (4, 8), (5, 6), (6, 7), (7, 8)]
[(0, 1), (0, 3), (0, 5), (1, 2), (1, 3), (2, 3), (3, 4), (3, 5), (4, 5), (5, 6), (6, 7), (7, 8)]
[(0, 1), (0, 3), (1, 2), (1, 3), (2, 3), (3, 4), (3, 5), (4, 5), (4, 6), (5, 6), (6, 7), (7, 8)]
[(0, 1), (0, 3), (1, 2), (1, 3), (2, 3), (3, 4), (4, 5), (4, 6), (5, 6), (5, 7), (6, 7), (7, 8)]
[(0, 1), (0, 3), (1, 2), (1, 3), (2, 3), (3, 4), (4, 5), (5, 6), (5, 7), (5, 8), (6, 7), (7, 8)]
[(0, 1), (1, 2), (1, 3), (1, 4), (1, 5), (2, 3), (3, 4), (4, 5), (4, 6), (5, 6), (6, 7), (7, 8)]
[(0, 1), (1, 2), (1, 3), (1, 4), (2, 3), (2, 5), (3, 4), (3, 5), (4, 5), (5, 6), (6, 7), (7, 8)]
[(0, 1), (1, 2), (1, 3), (1, 4), (2, 3), (3, 4), (3, 5), (3, 6), (4, 5), (5, 6), (6, 7), (7, 8)]
[(0, 1), (1, 2), (1, 3), (1, 4), (2, 3), (3, 4), (3, 5), (4, 5), (4, 6), (5, 6), (6, 7), (7, 8)]
[(0, 1), (1, 2), (1, 3), (1, 4), (2, 3), (3, 4), (3, 6), (4, 5), (4, 6), (5, 6), (6, 7), (7, 8)]
[(0, 1), (1, 2), (1, 3), (2, 3), (2, 4), (2, 5), (2, 6), (3, 4), (4, 5), (5, 6), (6, 7), (7, 8)]
[(0, 1), (1, 2), (1, 3), (2, 3), (2, 4), (2, 5), (3, 4), (4, 5), (4, 6), (5, 6), (6, 7), (7, 8)]
[(0, 1), (1, 2), (1, 3), (2, 3), (2, 4), (2, 6), (3, 4), (4, 5), (4, 6), (5, 6), (6, 7), (7, 8)]
[(0, 1), (1, 2), (1, 3), (2, 3), (2, 4), (3, 4), (4, 5), (4, 6), (5, 6), (5, 7), (6, 7), (7, 8)]
[(0, 1), (0, 5), (1, 2), (1, 3), (1, 5), (2, 3), (3, 4), (3, 5), (4, 5), (5, 6), (6, 7), (7, 8)]
[(0, 1), (1, 2), (1, 3), (2, 3), (2, 5), (2, 6), (3, 4), (3, 5), (4, 5), (5, 6), (6, 7), (7, 8)]
[(0, 1), (1, 2), (1, 3), (2, 3), (2, 6), (3, 4), (3, 5), (3, 6), (4, 5), (5, 6), (6, 7), (7, 8)]
[(0, 1), (1, 2), (1, 3), (2, 3), (2, 6), (3, 4), (3, 6), (4, 5), (4, 6), (5, 6), (6, 7), (7, 8)]
[(0, 1), (1, 2), (1, 4), (1, 5), (2, 3), (2, 4), (3, 4), (4, 5), (4, 6), (5, 6), (6, 7), (7, 8)]
[(0, 1), (1, 2), (1, 4), (2, 3), (2, 4), (3, 4), (3, 6), (4, 5), (4, 6), (5, 6), (6, 7), (7, 8)]
[(0, 1), (1, 2), (2, 3), (2, 4), (2, 5), (3, 4), (3, 6), (4, 5), (4, 6), (5, 6), (6, 7), (7, 8)]
[(0, 1), (0, 5), (1, 2), (1, 5), (2, 3), (2, 5), (3, 4), (3, 5), (4, 5), (5, 6), (6, 7), (7, 8)]
Rectangular Dual Graphs for n = 12:  42
[(0, 1), (0, 2), (0, 3), (0, 4), (0, 5), (0, 6), (1, 2), (2, 3), (3, 4), (4, 5), (5, 6), (6, 7), (7, 8)]
[(0, 1), (0, 2), (0, 3), (0, 4), (0, 5), (1, 2), (1, 5), (2, 3), (3, 4), (4, 5), (5, 6), (6, 7), (7, 8)]
[(0, 1), (0, 2), (0, 3), (0, 4), (0, 5), (1, 2), (2, 3), (3, 4), (4, 5), (4, 6), (5, 6), (6, 7), (7, 8)]
[(0, 1), (0, 2), (0, 3), (0, 4), (0, 5), (1, 2), (2, 3), (3, 4), (4, 5), (5, 6), (6, 7), (6, 8), (7, 8)]
[(0, 1), (0, 2), (0, 3), (0, 4), (1, 2), (1, 4), (1, 5), (2, 3), (3, 4), (4, 5), (5, 6), (6, 7), (7, 8)]
[(0, 1), (0, 2), (0, 3), (0, 4), (1, 2), (1, 4), (2, 3), (3, 4), (4, 5), (5, 6), (6, 7), (6, 8), (7, 8)]
[(0, 1), (0, 2), (0, 3), (0, 4), (1, 2), (2, 3), (2, 5), (3, 4), (3, 5), (4, 5), (5, 6), (6, 7), (7, 8)]
[(0, 1), (0, 2), (0, 3), (0, 4), (1, 2), (2, 3), (3, 4), (3, 5), (3, 6), (4, 5), (5, 6), (6, 7), (7, 8)]
[(0, 1), (0, 2), (0, 3), (0, 4), (1, 2), (2, 3), (3, 4), (3, 5), (4, 5), (4, 6), (5, 6), (6, 7), (7, 8)]
[(0, 1), (0, 2), (0, 3), (0, 4), (1, 2), (2, 3), (3, 4), (3, 5), (4, 5), (5, 6), (6, 7), (6, 8), (7, 8)]
[(0, 1), (0, 2), (0, 3), (0, 4), (0, 6), (1, 2), (2, 3), (3, 4), (4, 5), (4, 6), (5, 6), (6, 7), (7, 8)]
[(0, 1), (0, 2), (0, 3), (0, 4), (1, 2), (2, 3), (3, 4), (3, 6), (4, 5), (4, 6), (5, 6), (6, 7), (7, 8)]
[(0, 1), (0, 2), (0, 3), (0, 4), (1, 2), (2, 3), (3, 4), (4, 5), (4, 6), (5, 6), (5, 7), (6, 7), (7, 8)]
[(0, 1), (0, 2), (0, 3), (0, 4), (1, 2), (2, 3), (3, 4), (4, 5), (5, 6), (5, 7), (5, 8), (6, 7), (7, 8)]
[(0, 1), (0, 2), (0, 3), (0, 4), (1, 2), (2, 3), (3, 4), (4, 5), (5, 6), (5, 7), (6, 7), (6, 8), (7, 8)]
[(0, 1), (0, 2), (0, 3), (0, 5), (0, 6), (1, 2), (2, 3), (3, 4), (3, 5), (4, 5), (5, 6), (6, 7), (7, 8)]
[(0, 1), (0, 2), (0, 3), (0, 5), (1, 2), (1, 5), (2, 3), (3, 4), (3, 5), (4, 5), (5, 6), (6, 7), (7, 8)]
[(0, 1), (0, 2), (0, 3), (0, 5), (1, 2), (2, 3), (3, 4), (3, 5), (4, 5), (5, 6), (6, 7), (6, 8), (7, 8)]
[(0, 1), (0, 2), (0, 3), (0, 6), (1, 2), (2, 3), (3, 4), (3, 5), (3, 6), (4, 5), (5, 6), (6, 7), (7, 8)]
[(0, 1), (0, 2), (0, 3), (1, 2), (2, 3), (3, 4), (3, 5), (3, 6), (4, 5), (5, 6), (5, 7), (6, 7), (7, 8)]
[(0, 1), (0, 2), (0, 3), (1, 2), (2, 3), (3, 4), (3, 5), (4, 5), (4, 6), (4, 7), (5, 6), (6, 7), (7, 8)]
[(0, 1), (0, 2), (0, 3), (1, 2), (2, 3), (3, 4), (3, 5), (4, 5), (4, 6), (5, 6), (6, 7), (6, 8), (7, 8)]
[(0, 1), (0, 2), (0, 3), (1, 2), (2, 3), (3, 4), (3, 5), (4, 5), (4, 7), (5, 6), (5, 7), (6, 7), (7, 8)]
[(0, 1), (0, 2), (0, 3), (0, 6), (1, 2), (2, 3), (3, 4), (3, 6), (4, 5), (4, 6), (5, 6), (6, 7), (7, 8)]
[(0, 1), (0, 2), (0, 3), (1, 2), (2, 3), (3, 4), (4, 5), (4, 6), (4, 7), (4, 8), (5, 6), (6, 7), (7, 8)]
[(0, 1), (0, 2), (0, 3), (1, 2), (2, 3), (3, 4), (4, 5), (4, 6), (4, 7), (5, 6), (6, 7), (6, 8), (7, 8)]
[(0, 1), (0, 2), (0, 4), (0, 5), (0, 6), (1, 2), (2, 3), (2, 4), (3, 4), (4, 5), (5, 6), (6, 7), (7, 8)]
[(0, 1), (0, 2), (0, 4), (0, 5), (1, 2), (2, 3), (2, 4), (3, 4), (4, 5), (5, 6), (6, 7), (6, 8), (7, 8)]
[(0, 1), (0, 2), (0, 4), (0, 6), (1, 2), (2, 3), (2, 4), (3, 4), (4, 5), (4, 6), (5, 6), (6, 7), (7, 8)]
[(0, 1), (0, 2), (0, 4), (1, 2), (2, 3), (2, 4), (3, 4), (3, 6), (4, 5), (4, 6), (5, 6), (6, 7), (7, 8)]
[(0, 1), (0, 2), (0, 4), (1, 2), (2, 3), (2, 4), (3, 4), (4, 5), (4, 6), (5, 6), (5, 7), (6, 7), (7, 8)]
[(0, 1), (0, 2), (0, 4), (1, 2), (2, 3), (2, 4), (3, 4), (4, 5), (5, 6), (5, 7), (5, 8), (6, 7), (7, 8)]
[(0, 1), (0, 2), (0, 5), (0, 6), (1, 2), (2, 3), (2, 4), (2, 5), (3, 4), (4, 5), (5, 6), (6, 7), (7, 8)]
[(0, 1), (0, 2), (0, 5), (1, 2), (2, 3), (2, 4), (2, 5), (3, 4), (4, 5), (5, 6), (6, 7), (6, 8), (7, 8)]
[(0, 1), (0, 2), (0, 6), (1, 2), (2, 3), (2, 4), (2, 5), (2, 6), (3, 4), (4, 5), (5, 6), (6, 7), (7, 8)]
[(0, 1), (0, 2), (1, 2), (2, 3), (2, 4), (2, 5), (2, 6), (3, 4), (4, 5), (5, 6), (5, 7), (6, 7), (7, 8)]
[(0, 1), (0, 2), (1, 2), (2, 3), (2, 4), (2, 5), (3, 4), (3, 6), (4, 5), (4, 6), (5, 6), (6, 7), (7, 8)]
[(0, 1), (0, 2), (1, 2), (2, 3), (2, 4), (2, 5), (3, 4), (4, 5), (4, 6), (4, 7), (5, 6), (6, 7), (7, 8)]
[(0, 1), (0, 2), (1, 2), (2, 3), (2, 4), (2, 5), (3, 4), (4, 5), (4, 6), (5, 6), (5, 7), (6, 7), (7, 8)]
[(0, 1), (0, 2), (1, 2), (2, 3), (2, 4), (2, 5), (3, 4), (4, 5), (4, 6), (5, 6), (6, 7), (6, 8), (7, 8)]
[(0, 1), (0, 2), (1, 2), (2, 3), (2, 4), (2, 5), (3, 4), (4, 5), (4, 7), (5, 6), (5, 7), (6, 7), (7, 8)]
[(0, 1), (0, 2), (1, 2), (2, 3), (2, 4), (3, 4), (3, 5), (3, 6), (3, 7), (4, 5), (5, 6), (6, 7), (7, 8)]
[(0, 1), (0, 2), (1, 2), (2, 3), (2, 4), (3, 4), (3, 5), (3, 6), (4, 5), (5, 6), (5, 7), (6, 7), (7, 8)]
[(0, 1), (0, 2), (1, 2), (2, 3), (2, 4), (3, 4), (3, 5), (3, 6), (4, 5), (5, 6), (6, 7), (6, 8), (7, 8)]
[(0, 1), (0, 2), (1, 2), (2, 3), (2, 4), (3, 4), (3, 5), (3, 7), (4, 5), (5, 6), (5, 7), (6, 7), (7, 8)]
[(0, 1), (0, 2), (1, 2), (2, 3), (2, 4), (3, 4), (3, 5), (4, 5), (5, 6), (5, 7), (5, 8), (6, 7), (7, 8)]
[(0, 1), (0, 2), (0, 6), (1, 2), (2, 3), (2, 4), (2, 6), (3, 4), (4, 5), (4, 6), (5, 6), (6, 7), (7, 8)]
[(0, 1), (0, 2), (1, 2), (2, 3), (2, 4), (3, 4), (3, 6), (3, 7), (4, 5), (4, 6), (5, 6), (6, 7), (7, 8)]
[(0, 1), (0, 2), (1, 2), (2, 3), (2, 4), (3, 4), (3, 7), (4, 5), (4, 6), (4, 7), (5, 6), (6, 7), (7, 8)]
[(0, 1), (0, 2), (1, 2), (2, 3), (2, 4), (3, 4), (3, 7), (4, 5), (4, 7), (5, 6), (5, 7), (6, 7), (7, 8)]
[(0, 1), (0, 2), (0, 5), (1, 2), (2, 3), (2, 5), (3, 4), (3, 5), (4, 5), (5, 6), (6, 7), (6, 8), (7, 8)]
[(0, 1), (0, 2), (1, 2), (2, 3), (2, 5), (2, 6), (3, 4), (3, 5), (4, 5), (5, 6), (5, 7), (6, 7), (7, 8)]
[(0, 1), (0, 2), (1, 2), (2, 3), (2, 5), (3, 4), (3, 5), (4, 5), (4, 7), (5, 6), (5, 7), (6, 7), (7, 8)]
[(0, 1), (0, 2), (0, 6), (1, 2), (2, 3), (2, 6), (3, 4), (3, 5), (3, 6), (4, 5), (5, 6), (6, 7), (7, 8)]
[(0, 1), (0, 2), (1, 2), (2, 3), (3, 4), (3, 5), (3, 6), (3, 7), (3, 8), (4, 5), (5, 6), (6, 7), (7, 8)]
[(0, 1), (0, 2), (1, 2), (2, 3), (3, 4), (3, 5), (3, 6), (4, 5), (4, 7), (5, 6), (5, 7), (6, 7), (7, 8)]
[(0, 1), (0, 2), (1, 2), (2, 3), (3, 4), (3, 5), (3, 6), (4, 5), (5, 6), (5, 7), (5, 8), (6, 7), (7, 8)]
[(0, 1), (0, 2), (1, 2), (2, 3), (3, 4), (3, 5), (3, 7), (3, 8), (4, 5), (5, 6), (5, 7), (6, 7), (7, 8)]
[(0, 1), (0, 2), (0, 6), (1, 2), (2, 3), (2, 6), (3, 4), (3, 6), (4, 5), (4, 6), (5, 6), (6, 7), (7, 8)]
[(0, 1), (0, 3), (1, 2), (1, 3), (2, 3), (3, 4), (3, 5), (3, 6), (4, 5), (5, 6), (5, 7), (6, 7), (7, 8)]
[(0, 1), (0, 3), (1, 2), (1, 3), (2, 3), (3, 4), (3, 5), (4, 5), (4, 6), (4, 7), (5, 6), (6, 7), (7, 8)]
[(0, 1), (0, 3), (1, 2), (1, 3), (2, 3), (3, 4), (3, 5), (4, 5), (4, 7), (5, 6), (5, 7), (6, 7), (7, 8)]
[(0, 1), (0, 3), (0, 6), (1, 2), (1, 3), (2, 3), (3, 4), (3, 6), (4, 5), (4, 6), (5, 6), (6, 7), (7, 8)]
[(0, 1), (0, 3), (1, 2), (1, 3), (2, 3), (3, 4), (4, 5), (4, 6), (4, 7), (4, 8), (5, 6), (6, 7), (7, 8)]
[(0, 1), (0, 6), (1, 2), (1, 3), (1, 4), (1, 5), (1, 6), (2, 3), (3, 4), (4, 5), (5, 6), (6, 7), (7, 8)]
[(0, 1), (1, 2), (1, 3), (1, 4), (1, 5), (1, 6), (2, 3), (3, 4), (4, 5), (5, 6), (5, 7), (6, 7), (7, 8)]
[(0, 1), (1, 2), (1, 3), (1, 4), (1, 5), (2, 3), (3, 4), (3, 6), (4, 5), (4, 6), (5, 6), (6, 7), (7, 8)]
[(0, 1), (1, 2), (1, 3), (1, 4), (1, 5), (2, 3), (3, 4), (4, 5), (4, 6), (4, 7), (5, 6), (6, 7), (7, 8)]
[(0, 1), (1, 2), (1, 3), (1, 4), (1, 5), (2, 3), (3, 4), (4, 5), (4, 6), (5, 6), (5, 7), (6, 7), (7, 8)]
[(0, 1), (1, 2), (1, 3), (1, 4), (1, 5), (2, 3), (3, 4), (4, 5), (4, 7), (5, 6), (5, 7), (6, 7), (7, 8)]
[(0, 1), (1, 2), (1, 3), (1, 4), (2, 3), (2, 5), (2, 6), (3, 4), (3, 5), (4, 5), (5, 6), (6, 7), (7, 8)]
[(0, 1), (1, 2), (1, 3), (1, 4), (2, 3), (2, 6), (3, 4), (3, 5), (3, 6), (4, 5), (5, 6), (6, 7), (7, 8)]
[(0, 1), (1, 2), (1, 3), (1, 4), (2, 3), (3, 4), (3, 5), (3, 6), (3, 7), (4, 5), (5, 6), (6, 7), (7, 8)]
[(0, 1), (1, 2), (1, 3), (1, 4), (2, 3), (3, 4), (3, 5), (3, 6), (4, 5), (5, 6), (5, 7), (6, 7), (7, 8)]
[(0, 1), (1, 2), (1, 3), (1, 4), (2, 3), (3, 4), (3, 5), (4, 5), (4, 6), (4, 7), (5, 6), (6, 7), (7, 8)]
[(0, 1), (1, 2), (1, 3), (1, 4), (2, 3), (3, 4), (3, 5), (4, 5), (4, 6), (5, 6), (5, 7), (6, 7), (7, 8)]
[(0, 1), (1, 2), (1, 3), (1, 4), (2, 3), (3, 4), (3, 5), (3, 7), (4, 5), (5, 6), (5, 7), (6, 7), (7, 8)]
[(0, 1), (1, 2), (1, 3), (1, 4), (2, 3), (3, 4), (3, 5), (4, 5), (4, 7), (5, 6), (5, 7), (6, 7), (7, 8)]
[(0, 1), (0, 6), (1, 2), (1, 3), (1, 4), (1, 6), (2, 3), (3, 4), (4, 5), (4, 6), (5, 6), (6, 7), (7, 8)]
[(0, 1), (1, 2), (1, 3), (1, 4), (2, 3), (2, 6), (3, 4), (3, 6), (4, 5), (4, 6), (5, 6), (6, 7), (7, 8)]
[(0, 1), (1, 2), (1, 3), (1, 4), (2, 3), (3, 4), (3, 6), (3, 7), (4, 5), (4, 6), (5, 6), (6, 7), (7, 8)]
[(0, 1), (1, 2), (1, 3), (1, 4), (2, 3), (3, 4), (3, 7), (4, 5), (4, 6), (4, 7), (5, 6), (6, 7), (7, 8)]
[(0, 1), (1, 2), (1, 3), (2, 3), (2, 4), (2, 5), (2, 6), (2, 7), (3, 4), (4, 5), (5, 6), (6, 7), (7, 8)]
[(0, 1), (1, 2), (1, 3), (2, 3), (2, 4), (2, 5), (2, 6), (3, 4), (4, 5), (5, 6), (5, 7), (6, 7), (7, 8)]
[(0, 1), (1, 2), (1, 3), (2, 3), (2, 4), (2, 5), (3, 4), (3, 6), (4, 5), (4, 6), (5, 6), (6, 7), (7, 8)]
[(0, 1), (1, 2), (1, 3), (2, 3), (2, 4), (2, 5), (3, 4), (4, 5), (4, 6), (5, 6), (5, 7), (6, 7), (7, 8)]
[(0, 1), (1, 2), (1, 3), (2, 3), (2, 4), (2, 6), (2, 7), (3, 4), (4, 5), (4, 6), (5, 6), (6, 7), (7, 8)]
[(0, 1), (1, 2), (1, 3), (2, 3), (2, 4), (2, 7), (3, 4), (4, 5), (4, 6), (4, 7), (5, 6), (6, 7), (7, 8)]
[(0, 1), (1, 2), (1, 3), (2, 3), (2, 4), (3, 4), (4, 5), (4, 6), (4, 7), (4, 8), (5, 6), (6, 7), (7, 8)]
[(0, 1), (1, 2), (1, 3), (1, 5), (1, 6), (2, 3), (3, 4), (3, 5), (4, 5), (5, 6), (5, 7), (6, 7), (7, 8)]
[(0, 1), (1, 2), (1, 3), (2, 3), (2, 5), (2, 6), (3, 4), (3, 5), (4, 5), (5, 6), (5, 7), (6, 7), (7, 8)]
[(0, 1), (1, 2), (1, 3), (2, 3), (2, 5), (2, 7), (3, 4), (3, 5), (4, 5), (5, 6), (5, 7), (6, 7), (7, 8)]
[(0, 1), (1, 2), (1, 3), (2, 3), (2, 6), (2, 7), (3, 4), (3, 5), (3, 6), (4, 5), (5, 6), (6, 7), (7, 8)]
[(0, 1), (1, 2), (1, 3), (2, 3), (2, 7), (3, 4), (3, 5), (3, 6), (3, 7), (4, 5), (5, 6), (6, 7), (7, 8)]
[(0, 1), (0, 6), (1, 2), (1, 3), (1, 6), (2, 3), (3, 4), (3, 6), (4, 5), (4, 6), (5, 6), (6, 7), (7, 8)]
[(0, 1), (1, 2), (1, 3), (2, 3), (2, 7), (3, 4), (3, 6), (3, 7), (4, 5), (4, 6), (5, 6), (6, 7), (7, 8)]
[(0, 1), (1, 2), (1, 3), (2, 3), (2, 7), (3, 4), (3, 7), (4, 5), (4, 6), (4, 7), (5, 6), (6, 7), (7, 8)]
[(0, 1), (1, 2), (1, 4), (1, 5), (2, 3), (2, 4), (3, 4), (4, 5), (4, 6), (4, 7), (5, 6), (6, 7), (7, 8)]
[(0, 1), (1, 2), (2, 3), (2, 4), (2, 5), (2, 6), (2, 7), (2, 8), (3, 4), (4, 5), (5, 6), (6, 7), (7, 8)]
Rectangular Dual Graphs for n = 13:  99
[(0, 1), (0, 2), (0, 3), (0, 4), (0, 5), (0, 6), (0, 7), (1, 2), (2, 3), (3, 4), (4, 5), (5, 6), (6, 7), (7, 8)]
[(0, 1), (0, 2), (0, 3), (0, 4), (0, 5), (0, 6), (1, 2), (1, 6), (2, 3), (3, 4), (4, 5), (5, 6), (6, 7), (7, 8)]
[(0, 1), (0, 2), (0, 3), (0, 4), (0, 5), (0, 6), (1, 2), (2, 3), (3, 4), (4, 5), (5, 6), (5, 7), (6, 7), (7, 8)]
[(0, 1), (0, 2), (0, 3), (0, 4), (0, 5), (0, 6), (1, 2), (2, 3), (3, 4), (4, 5), (5, 6), (6, 7), (6, 8), (7, 8)]
[(0, 1), (0, 2), (0, 3), (0, 4), (0, 5), (1, 2), (1, 5), (1, 6), (2, 3), (3, 4), (4, 5), (5, 6), (6, 7), (7, 8)]
[(0, 1), (0, 2), (0, 3), (0, 4), (0, 5), (1, 2), (1, 5), (2, 3), (3, 4), (4, 5), (5, 6), (6, 7), (6, 8), (7, 8)]
[(0, 1), (0, 2), (0, 3), (0, 4), (0, 5), (1, 2), (2, 3), (3, 4), (3, 6), (4, 5), (4, 6), (5, 6), (6, 7), (7, 8)]
[(0, 1), (0, 2), (0, 3), (0, 4), (0, 5), (1, 2), (2, 3), (3, 4), (4, 5), (4, 6), (4, 7), (5, 6), (6, 7), (7, 8)]
[(0, 1), (0, 2), (0, 3), (0, 4), (0, 5), (1, 2), (2, 3), (3, 4), (4, 5), (4, 6), (5, 6), (5, 7), (6, 7), (7, 8)]
[(0, 1), (0, 2), (0, 3), (0, 4), (0, 5), (1, 2), (2, 3), (3, 4), (4, 5), (4, 6), (5, 6), (6, 7), (6, 8), (7, 8)]
[(0, 1), (0, 2), (0, 3), (0, 4), (0, 5), (0, 7), (1, 2), (2, 3), (3, 4), (4, 5), (5, 6), (5, 7), (6, 7), (7, 8)]
[(0, 1), (0, 2), (0, 3), (0, 4), (0, 5), (1, 2), (2, 3), (3, 4), (4, 5), (4, 7), (5, 6), (5, 7), (6, 7), (7, 8)]
[(0, 1), (0, 2), (0, 3), (0, 4), (0, 5), (1, 2), (2, 3), (3, 4), (4, 5), (5, 6), (5, 7), (5, 8), (6, 7), (7, 8)]
[(0, 1), (0, 2), (0, 3), (0, 4), (0, 5), (1, 2), (2, 3), (3, 4), (4, 5), (5, 6), (5, 7), (6, 7), (6, 8), (7, 8)]
[(0, 1), (0, 2), (0, 3), (0, 4), (1, 2), (1, 4), (1, 5), (1, 6), (2, 3), (3, 4), (4, 5), (5, 6), (6, 7), (7, 8)]
[(0, 1), (0, 2), (0, 3), (0, 4), (1, 2), (1, 4), (1, 5), (2, 3), (2, 5), (3, 4), (4, 5), (5, 6), (6, 7), (7, 8)]
[(0, 1), (0, 2), (0, 3), (0, 4), (1, 2), (1, 4), (1, 5), (2, 3), (3, 4), (4, 5), (5, 6), (6, 7), (6, 8), (7, 8)]
[(0, 1), (0, 2), (0, 3), (0, 4), (1, 2), (1, 4), (1, 6), (2, 3), (3, 4), (4, 5), (4, 6), (5, 6), (6, 7), (7, 8)]
[(0, 1), (0, 2), (0, 3), (0, 4), (1, 2), (1, 4), (2, 3), (3, 4), (4, 5), (4, 6), (5, 6), (5, 7), (6, 7), (7, 8)]
[(0, 1), (0, 2), (0, 3), (0, 4), (1, 2), (1, 4), (2, 3), (3, 4), (4, 5), (5, 6), (5, 7), (5, 8), (6, 7), (7, 8)]
[(0, 1), (0, 2), (0, 3), (0, 4), (1, 2), (1, 4), (2, 3), (3, 4), (4, 5), (5, 6), (5, 7), (6, 7), (6, 8), (7, 8)]
[(0, 1), (0, 2), (0, 3), (0, 4), (1, 2), (1, 5), (2, 3), (2, 5), (3, 4), (3, 5), (4, 5), (5, 6), (6, 7), (7, 8)]
[(0, 1), (0, 2), (0, 3), (0, 4), (1, 2), (2, 3), (2, 5), (2, 6), (3, 4), (3, 5), (4, 5), (5, 6), (6, 7), (7, 8)]
[(0, 1), (0, 2), (0, 3), (0, 4), (1, 2), (2, 3), (2, 5), (3, 4), (3, 5), (4, 5), (4, 6), (5, 6), (6, 7), (7, 8)]
[(0, 1), (0, 2), (0, 3), (0, 4), (1, 2), (2, 3), (2, 5), (3, 4), (3, 5), (4, 5), (5, 6), (6, 7), (6, 8), (7, 8)]
[(0, 1), (0, 2), (0, 3), (0, 4), (1, 2), (2, 3), (2, 6), (3, 4), (3, 5), (3, 6), (4, 5), (5, 6), (6, 7), (7, 8)]
[(0, 1), (0, 2), (0, 3), (0, 4), (1, 2), (2, 3), (3, 4), (3, 5), (3, 6), (3, 7), (4, 5), (5, 6), (6, 7), (7, 8)]
[(0, 1), (0, 2), (0, 3), (0, 4), (1, 2), (2, 3), (3, 4), (3, 5), (3, 6), (4, 5), (5, 6), (5, 7), (6, 7), (7, 8)]
[(0, 1), (0, 2), (0, 3), (0, 4), (1, 2), (2, 3), (3, 4), (3, 5), (3, 6), (4, 5), (5, 6), (6, 7), (6, 8), (7, 8)]
[(0, 1), (0, 2), (0, 3), (0, 4), (0, 6), (1, 2), (2, 3), (3, 4), (3, 5), (4, 5), (4, 6), (5, 6), (6, 7), (7, 8)]
[(0, 1), (0, 2), (0, 3), (0, 4), (1, 2), (2, 3), (3, 4), (3, 5), (4, 5), (4, 6), (4, 7), (5, 6), (6, 7), (7, 8)]
[(0, 1), (0, 2), (0, 3), (0, 4), (1, 2), (2, 3), (3, 4), (3, 5), (4, 5), (4, 6), (5, 6), (5, 7), (6, 7), (7, 8)]
[(0, 1), (0, 2), (0, 3), (0, 4), (1, 2), (2, 3), (3, 4), (3, 5), (4, 5), (4, 6), (5, 6), (6, 7), (6, 8), (7, 8)]
[(0, 1), (0, 2), (0, 3), (0, 4), (1, 2), (2, 3), (3, 4), (3, 5), (3, 7), (4, 5), (5, 6), (5, 7), (6, 7), (7, 8)]
[(0, 1), (0, 2), (0, 3), (0, 4), (1, 2), (2, 3), (3, 4), (3, 5), (4, 5), (4, 7), (5, 6), (5, 7), (6, 7), (7, 8)]
[(0, 1), (0, 2), (0, 3), (0, 4), (1, 2), (2, 3), (3, 4), (3, 5), (4, 5), (5, 6), (5, 7), (5, 8), (6, 7), (7, 8)]
[(0, 1), (0, 2), (0, 3), (0, 4), (1, 2), (2, 3), (3, 4), (3, 5), (4, 5), (5, 6), (5, 7), (6, 7), (6, 8), (7, 8)]
[(0, 1), (0, 2), (0, 3), (0, 4), (0, 6), (0, 7), (1, 2), (2, 3), (3, 4), (4, 5), (4, 6), (5, 6), (6, 7), (7, 8)]
[(0, 1), (0, 2), (0, 3), (0, 4), (0, 6), (1, 2), (1, 6), (2, 3), (3, 4), (4, 5), (4, 6), (5, 6), (6, 7), (7, 8)]
[(0, 1), (0, 2), (0, 3), (0, 4), (0, 6), (1, 2), (2, 3), (3, 4), (4, 5), (4, 6), (5, 6), (6, 7), (6, 8), (7, 8)]
[(0, 1), (0, 2), (0, 3), (0, 4), (1, 2), (2, 3), (2, 6), (3, 4), (3, 6), (4, 5), (4, 6), (5, 6), (6, 7), (7, 8)]
[(0, 1), (0, 2), (0, 3), (0, 4), (1, 2), (2, 3), (3, 4), (3, 6), (3, 7), (4, 5), (4, 6), (5, 6), (6, 7), (7, 8)]
[(0, 1), (0, 2), (0, 3), (0, 4), (1, 2), (2, 3), (3, 4), (3, 6), (4, 5), (4, 6), (5, 6), (6, 7), (6, 8), (7, 8)]
[(0, 1), (0, 2), (0, 3), (0, 4), (0, 7), (1, 2), (2, 3), (3, 4), (4, 5), (4, 6), (4, 7), (5, 6), (6, 7), (7, 8)]
[(0, 1), (0, 2), (0, 3), (0, 4), (1, 2), (2, 3), (3, 4), (3, 7), (4, 5), (4, 6), (4, 7), (5, 6), (6, 7), (7, 8)]
[(0, 1), (0, 2), (0, 3), (0, 4), (1, 2), (2, 3), (3, 4), (4, 5), (4, 6), (4, 7), (4, 8), (5, 6), (6, 7), (7, 8)]
[(0, 1), (0, 2), (0, 3), (0, 4), (1, 2), (2, 3), (3, 4), (4, 5), (4, 6), (4, 7), (5, 6), (6, 7), (6, 8), (7, 8)]
[(0, 1), (0, 2), (0, 3), (0, 4), (1, 2), (2, 3), (3, 4), (4, 5), (4, 6), (5, 6), (5, 7), (5, 8), (6, 7), (7, 8)]
[(0, 1), (0, 2), (0, 3), (0, 4), (0, 7), (1, 2), (2, 3), (3, 4), (4, 5), (4, 7), (5, 6), (5, 7), (6, 7), (7, 8)]
[(0, 1), (0, 2), (0, 3), (0, 4), (1, 2), (2, 3), (3, 4), (3, 7), (4, 5), (4, 7), (5, 6), (5, 7), (6, 7), (7, 8)]
[(0, 1), (0, 2), (0, 3), (0, 5), (0, 6), (0, 7), (1, 2), (2, 3), (3, 4), (3, 5), (4, 5), (5, 6), (6, 7), (7, 8)]
[(0, 1), (0, 2), (0, 3), (0, 5), (0, 6), (1, 2), (2, 3), (3, 4), (3, 5), (4, 5), (5, 6), (5, 7), (6, 7), (7, 8)]
[(0, 1), (0, 2), (0, 3), (0, 5), (0, 6), (1, 2), (2, 3), (3, 4), (3, 5), (4, 5), (5, 6), (6, 7), (6, 8), (7, 8)]
[(0, 1), (0, 2), (0, 3), (0, 5), (1, 2), (1, 5), (2, 3), (3, 4), (3, 5), (4, 5), (5, 6), (6, 7), (6, 8), (7, 8)]
[(0, 1), (0, 2), (0, 3), (0, 5), (0, 7), (1, 2), (2, 3), (3, 4), (3, 5), (4, 5), (5, 6), (5, 7), (6, 7), (7, 8)]
[(0, 1), (0, 2), (0, 3), (0, 5), (1, 2), (2, 3), (3, 4), (3, 5), (4, 5), (4, 7), (5, 6), (5, 7), (6, 7), (7, 8)]
[(0, 1), (0, 2), (0, 3), (0, 5), (1, 2), (2, 3), (3, 4), (3, 5), (4, 5), (5, 6), (5, 7), (5, 8), (6, 7), (7, 8)]
[(0, 1), (0, 2), (0, 3), (0, 5), (1, 2), (2, 3), (3, 4), (3, 5), (4, 5), (5, 6), (5, 7), (6, 7), (6, 8), (7, 8)]
[(0, 1), (0, 2), (0, 3), (0, 6), (0, 7), (1, 2), (2, 3), (3, 4), (3, 5), (3, 6), (4, 5), (5, 6), (6, 7), (7, 8)]
[(0, 1), (0, 2), (0, 3), (0, 6), (1, 2), (1, 6), (2, 3), (3, 4), (3, 5), (3, 6), (4, 5), (5, 6), (6, 7), (7, 8)]
[(0, 1), (0, 2), (0, 3), (0, 6), (1, 2), (2, 3), (3, 4), (3, 5), (3, 6), (4, 5), (5, 6), (5, 7), (6, 7), (7, 8)]
[(0, 1), (0, 2), (0, 3), (0, 6), (1, 2), (2, 3), (3, 4), (3, 5), (3, 6), (4, 5), (5, 6), (6, 7), (6, 8), (7, 8)]
[(0, 1), (0, 2), (0, 3), (0, 7), (1, 2), (2, 3), (3, 4), (3, 5), (3, 6), (3, 7), (4, 5), (5, 6), (6, 7), (7, 8)]
[(0, 1), (0, 2), (0, 3), (1, 2), (2, 3), (3, 4), (3, 5), (3, 6), (3, 7), (3, 8), (4, 5), (5, 6), (6, 7), (7, 8)]
[(0, 1), (0, 2), (0, 3), (1, 2), (2, 3), (3, 4), (3, 5), (3, 6), (3, 7), (4, 5), (5, 6), (6, 7), (6, 8), (7, 8)]
[(0, 1), (0, 2), (0, 3), (1, 2), (2, 3), (3, 4), (3, 5), (3, 6), (4, 5), (4, 7), (5, 6), (5, 7), (6, 7), (7, 8)]
[(0, 1), (0, 2), (0, 3), (1, 2), (2, 3), (3, 4), (3, 5), (3, 6), (4, 5), (5, 6), (5, 7), (5, 8), (6, 7), (7, 8)]
[(0, 1), (0, 2), (0, 3), (0, 7), (1, 2), (2, 3), (3, 4), (3, 5), (3, 7), (4, 5), (5, 6), (5, 7), (6, 7), (7, 8)]
[(0, 1), (0, 2), (0, 3), (1, 2), (2, 3), (3, 4), (3, 5), (3, 7), (3, 8), (4, 5), (5, 6), (5, 7), (6, 7), (7, 8)]
[(0, 1), (0, 2), (0, 3), (1, 2), (2, 3), (3, 4), (3, 5), (4, 5), (4, 7), (4, 8), (5, 6), (5, 7), (6, 7), (7, 8)]
[(0, 1), (0, 2), (0, 3), (0, 6), (0, 7), (1, 2), (2, 3), (3, 4), (3, 6), (4, 5), (4, 6), (5, 6), (6, 7), (7, 8)]
[(0, 1), (0, 2), (0, 3), (0, 6), (1, 2), (1, 6), (2, 3), (3, 4), (3, 6), (4, 5), (4, 6), (5, 6), (6, 7), (7, 8)]
[(0, 1), (0, 2), (0, 3), (0, 6), (1, 2), (2, 3), (3, 4), (3, 6), (4, 5), (4, 6), (5, 6), (6, 7), (6, 8), (7, 8)]
[(0, 1), (0, 2), (0, 3), (0, 7), (1, 2), (2, 3), (3, 4), (3, 6), (3, 7), (4, 5), (4, 6), (5, 6), (6, 7), (7, 8)]
[(0, 1), (0, 2), (0, 3), (1, 2), (2, 3), (3, 4), (3, 6), (3, 7), (4, 5), (4, 6), (5, 6), (6, 7), (6, 8), (7, 8)]
[(0, 1), (0, 2), (0, 3), (0, 7), (1, 2), (2, 3), (3, 4), (3, 7), (4, 5), (4, 6), (4, 7), (5, 6), (6, 7), (7, 8)]
[(0, 1), (0, 2), (0, 3), (0, 7), (1, 2), (2, 3), (3, 4), (3, 7), (4, 5), (4, 7), (5, 6), (5, 7), (6, 7), (7, 8)]
[(0, 1), (0, 2), (0, 4), (0, 5), (0, 6), (0, 7), (1, 2), (2, 3), (2, 4), (3, 4), (4, 5), (5, 6), (6, 7), (7, 8)]
[(0, 1), (0, 2), (0, 4), (0, 5), (0, 6), (1, 2), (1, 6), (2, 3), (2, 4), (3, 4), (4, 5), (5, 6), (6, 7), (7, 8)]
[(0, 1), (0, 2), (0, 4), (0, 5), (0, 6), (1, 2), (2, 3), (2, 4), (3, 4), (4, 5), (5, 6), (5, 7), (6, 7), (7, 8)]
[(0, 1), (0, 2), (0, 4), (0, 5), (0, 6), (1, 2), (2, 3), (2, 4), (3, 4), (4, 5), (5, 6), (6, 7), (6, 8), (7, 8)]
[(0, 1), (0, 2), (0, 4), (0, 5), (0, 7), (1, 2), (2, 3), (2, 4), (3, 4), (4, 5), (5, 6), (5, 7), (6, 7), (7, 8)]
[(0, 1), (0, 2), (0, 4), (0, 5), (1, 2), (2, 3), (2, 4), (3, 4), (4, 5), (5, 6), (5, 7), (5, 8), (6, 7), (7, 8)]
[(0, 1), (0, 2), (0, 4), (0, 6), (0, 7), (1, 2), (2, 3), (2, 4), (3, 4), (4, 5), (4, 6), (5, 6), (6, 7), (7, 8)]
[(0, 1), (0, 2), (0, 4), (0, 6), (1, 2), (1, 6), (2, 3), (2, 4), (3, 4), (4, 5), (4, 6), (5, 6), (6, 7), (7, 8)]
[(0, 1), (0, 2), (0, 4), (0, 6), (1, 2), (2, 3), (2, 4), (3, 4), (4, 5), (4, 6), (5, 6), (6, 7), (6, 8), (7, 8)]
[(0, 1), (0, 2), (0, 4), (1, 2), (2, 3), (2, 4), (3, 4), (3, 6), (4, 5), (4, 6), (5, 6), (6, 7), (6, 8), (7, 8)]
[(0, 1), (0, 2), (0, 4), (0, 7), (1, 2), (2, 3), (2, 4), (3, 4), (4, 5), (4, 6), (4, 7), (5, 6), (6, 7), (7, 8)]
[(0, 1), (0, 2), (0, 4), (1, 2), (2, 3), (2, 4), (3, 4), (3, 7), (4, 5), (4, 6), (4, 7), (5, 6), (6, 7), (7, 8)]
[(0, 1), (0, 2), (0, 4), (1, 2), (2, 3), (2, 4), (3, 4), (4, 5), (4, 6), (4, 7), (4, 8), (5, 6), (6, 7), (7, 8)]
[(0, 1), (0, 2), (0, 4), (1, 2), (2, 3), (2, 4), (3, 4), (4, 5), (4, 6), (4, 7), (5, 6), (6, 7), (6, 8), (7, 8)]
[(0, 1), (0, 2), (0, 4), (0, 7), (1, 2), (2, 3), (2, 4), (3, 4), (4, 5), (4, 7), (5, 6), (5, 7), (6, 7), (7, 8)]
[(0, 1), (0, 2), (0, 4), (1, 2), (2, 3), (2, 4), (3, 4), (3, 7), (4, 5), (4, 7), (5, 6), (5, 7), (6, 7), (7, 8)]
[(0, 1), (0, 2), (0, 5), (0, 6), (0, 7), (1, 2), (2, 3), (2, 4), (2, 5), (3, 4), (4, 5), (5, 6), (6, 7), (7, 8)]
[(0, 1), (0, 2), (0, 5), (0, 6), (1, 2), (2, 3), (2, 4), (2, 5), (3, 4), (4, 5), (4, 6), (5, 6), (6, 7), (7, 8)]
[(0, 1), (0, 2), (0, 5), (0, 6), (1, 2), (2, 3), (2, 4), (2, 5), (3, 4), (4, 5), (5, 6), (5, 7), (6, 7), (7, 8)]
[(0, 1), (0, 2), (0, 5), (0, 6), (1, 2), (2, 3), (2, 4), (2, 5), (3, 4), (4, 5), (5, 6), (6, 7), (6, 8), (7, 8)]
[(0, 1), (0, 2), (0, 5), (0, 7), (1, 2), (2, 3), (2, 4), (2, 5), (3, 4), (4, 5), (5, 6), (5, 7), (6, 7), (7, 8)]
[(0, 1), (0, 2), (0, 5), (1, 2), (2, 3), (2, 4), (2, 5), (3, 4), (4, 5), (5, 6), (5, 7), (5, 8), (6, 7), (7, 8)]
[(0, 1), (0, 2), (0, 6), (0, 7), (1, 2), (2, 3), (2, 4), (2, 5), (2, 6), (3, 4), (4, 5), (5, 6), (6, 7), (7, 8)]
[(0, 1), (0, 2), (0, 6), (1, 2), (2, 3), (2, 4), (2, 5), (2, 6), (3, 4), (4, 5), (5, 6), (5, 7), (6, 7), (7, 8)]
[(0, 1), (0, 2), (0, 6), (1, 2), (2, 3), (2, 4), (2, 5), (2, 6), (3, 4), (4, 5), (5, 6), (6, 7), (6, 8), (7, 8)]
[(0, 1), (0, 2), (0, 7), (1, 2), (2, 3), (2, 4), (2, 5), (2, 6), (2, 7), (3, 4), (4, 5), (5, 6), (6, 7), (7, 8)]
[(0, 1), (0, 2), (1, 2), (2, 3), (2, 4), (2, 5), (2, 6), (2, 7), (2, 8), (3, 4), (4, 5), (5, 6), (6, 7), (7, 8)]
[(0, 1), (0, 2), (1, 2), (2, 3), (2, 4), (2, 5), (2, 6), (2, 7), (3, 4), (4, 5), (5, 6), (6, 7), (6, 8), (7, 8)]
[(0, 1), (0, 2), (1, 2), (2, 3), (2, 4), (2, 5), (2, 6), (3, 4), (4, 5), (4, 7), (5, 6), (5, 7), (6, 7), (7, 8)]
[(0, 1), (0, 2), (1, 2), (2, 3), (2, 4), (2, 5), (2, 6), (3, 4), (4, 5), (5, 6), (5, 7), (5, 8), (6, 7), (7, 8)]
[(0, 1), (0, 2), (1, 2), (2, 3), (2, 4), (2, 5), (3, 4), (3, 6), (3, 7), (4, 5), (4, 6), (5, 6), (6, 7), (7, 8)]
[(0, 1), (0, 2), (1, 2), (2, 3), (2, 4), (2, 5), (3, 4), (3, 6), (4, 5), (4, 6), (5, 6), (6, 7), (6, 8), (7, 8)]
[(0, 1), (0, 2), (1, 2), (2, 3), (2, 4), (2, 5), (3, 4), (3, 7), (4, 5), (4, 6), (4, 7), (5, 6), (6, 7), (7, 8)]
[(0, 1), (0, 2), (1, 2), (2, 3), (2, 4), (2, 5), (3, 4), (4, 5), (4, 6), (4, 7), (4, 8), (5, 6), (6, 7), (7, 8)]
[(0, 1), (0, 2), (0, 7), (1, 2), (2, 3), (2, 4), (2, 5), (2, 7), (3, 4), (4, 5), (5, 6), (5, 7), (6, 7), (7, 8)]
[(0, 1), (0, 2), (1, 2), (2, 3), (2, 4), (2, 5), (2, 7), (2, 8), (3, 4), (4, 5), (5, 6), (5, 7), (6, 7), (7, 8)]
[(0, 1), (0, 2), (1, 2), (2, 3), (2, 4), (2, 5), (3, 4), (3, 7), (4, 5), (4, 7), (5, 6), (5, 7), (6, 7), (7, 8)]
[(0, 1), (0, 2), (1, 2), (2, 3), (2, 4), (3, 4), (3, 5), (3, 6), (4, 5), (4, 7), (5, 6), (5, 7), (6, 7), (7, 8)]
[(0, 1), (0, 2), (0, 6), (1, 2), (2, 3), (2, 4), (2, 6), (3, 4), (4, 5), (4, 6), (5, 6), (6, 7), (6, 8), (7, 8)]
[(0, 1), (0, 2), (0, 7), (1, 2), (2, 3), (2, 4), (2, 7), (3, 4), (4, 5), (4, 6), (4, 7), (5, 6), (6, 7), (7, 8)]
[(0, 1), (0, 2), (1, 2), (2, 3), (2, 4), (2, 7), (2, 8), (3, 4), (4, 5), (4, 6), (4, 7), (5, 6), (6, 7), (7, 8)]
[(0, 1), (0, 2), (0, 7), (1, 2), (2, 3), (2, 4), (2, 7), (3, 4), (4, 5), (4, 7), (5, 6), (5, 7), (6, 7), (7, 8)]
[(0, 1), (0, 2), (0, 5), (0, 7), (1, 2), (2, 3), (2, 5), (3, 4), (3, 5), (4, 5), (5, 6), (5, 7), (6, 7), (7, 8)]
[(0, 1), (0, 2), (0, 5), (1, 2), (2, 3), (2, 5), (3, 4), (3, 5), (4, 5), (4, 7), (5, 6), (5, 7), (6, 7), (7, 8)]
[(0, 1), (0, 2), (0, 5), (1, 2), (2, 3), (2, 5), (3, 4), (3, 5), (4, 5), (5, 6), (5, 7), (5, 8), (6, 7), (7, 8)]
[(0, 1), (0, 2), (1, 2), (2, 3), (2, 5), (2, 6), (2, 7), (3, 4), (3, 5), (4, 5), (5, 6), (6, 7), (6, 8), (7, 8)]
[(0, 1), (0, 2), (0, 7), (1, 2), (2, 3), (2, 5), (2, 7), (3, 4), (3, 5), (4, 5), (5, 6), (5, 7), (6, 7), (7, 8)]
[(0, 1), (0, 2), (0, 7), (1, 2), (2, 3), (2, 7), (3, 4), (3, 5), (3, 6), (3, 7), (4, 5), (5, 6), (6, 7), (7, 8)]
[(0, 1), (0, 2), (0, 7), (1, 2), (2, 3), (2, 7), (3, 4), (3, 5), (3, 7), (4, 5), (5, 6), (5, 7), (6, 7), (7, 8)]
[(0, 1), (0, 2), (0, 7), (1, 2), (2, 3), (2, 7), (3, 4), (3, 7), (4, 5), (4, 6), (4, 7), (5, 6), (6, 7), (7, 8)]
[(0, 1), (0, 2), (0, 7), (1, 2), (2, 3), (2, 7), (3, 4), (3, 7), (4, 5), (4, 7), (5, 6), (5, 7), (6, 7), (7, 8)]
[(0, 1), (0, 3), (0, 5), (0, 7), (1, 2), (1, 3), (2, 3), (3, 4), (3, 5), (4, 5), (5, 6), (5, 7), (6, 7), (7, 8)]
[(0, 1), (0, 3), (0, 5), (1, 2), (1, 3), (2, 3), (3, 4), (3, 5), (4, 5), (4, 7), (5, 6), (5, 7), (6, 7), (7, 8)]
[(0, 1), (0, 3), (0, 5), (1, 2), (1, 3), (2, 3), (3, 4), (3, 5), (4, 5), (5, 6), (5, 7), (5, 8), (6, 7), (7, 8)]
[(0, 1), (0, 3), (0, 7), (1, 2), (1, 3), (2, 3), (3, 4), (3, 5), (3, 6), (3, 7), (4, 5), (5, 6), (6, 7), (7, 8)]
[(0, 1), (0, 3), (1, 2), (1, 3), (2, 3), (3, 4), (3, 5), (3, 6), (3, 7), (3, 8), (4, 5), (5, 6), (6, 7), (7, 8)]
[(0, 1), (0, 3), (1, 2), (1, 3), (2, 3), (3, 4), (3, 5), (3, 6), (4, 5), (4, 7), (5, 6), (5, 7), (6, 7), (7, 8)]
[(0, 1), (0, 3), (0, 7), (1, 2), (1, 3), (2, 3), (3, 4), (3, 5), (3, 7), (4, 5), (5, 6), (5, 7), (6, 7), (7, 8)]
[(0, 1), (0, 3), (1, 2), (1, 3), (2, 3), (3, 4), (3, 5), (3, 7), (3, 8), (4, 5), (5, 6), (5, 7), (6, 7), (7, 8)]
[(0, 1), (0, 3), (0, 7), (1, 2), (1, 3), (2, 3), (3, 4), (3, 7), (4, 5), (4, 7), (5, 6), (5, 7), (6, 7), (7, 8)]
[(0, 1), (0, 7), (1, 2), (1, 3), (1, 4), (1, 5), (1, 6), (1, 7), (2, 3), (3, 4), (4, 5), (5, 6), (6, 7), (7, 8)]
[(0, 1), (1, 2), (1, 3), (1, 4), (1, 5), (1, 6), (1, 7), (1, 8), (2, 3), (3, 4), (4, 5), (5, 6), (6, 7), (7, 8)]
[(0, 1), (1, 2), (1, 3), (1, 4), (1, 5), (1, 6), (2, 3), (3, 4), (4, 5), (4, 7), (5, 6), (5, 7), (6, 7), (7, 8)]
[(0, 1), (1, 2), (1, 3), (1, 4), (1, 5), (2, 3), (2, 6), (3, 4), (3, 6), (4, 5), (4, 6), (5, 6), (6, 7), (7, 8)]
[(0, 1), (1, 2), (1, 3), (1, 4), (1, 5), (2, 3), (3, 4), (3, 6), (3, 7), (4, 5), (4, 6), (5, 6), (6, 7), (7, 8)]
[(0, 1), (1, 2), (1, 3), (1, 4), (1, 5), (2, 3), (3, 4), (3, 6), (4, 5), (4, 6), (5, 6), (5, 7), (6, 7), (7, 8)]
[(0, 1), (1, 2), (1, 3), (1, 4), (1, 5), (2, 3), (3, 4), (3, 7), (4, 5), (4, 6), (4, 7), (5, 6), (6, 7), (7, 8)]
[(0, 1), (1, 2), (1, 3), (1, 4), (1, 5), (2, 3), (3, 4), (4, 5), (4, 6), (4, 7), (4, 8), (5, 6), (6, 7), (7, 8)]
[(0, 1), (0, 7), (1, 2), (1, 3), (1, 4), (1, 5), (1, 7), (2, 3), (3, 4), (4, 5), (5, 6), (5, 7), (6, 7), (7, 8)]
[(0, 1), (1, 2), (1, 3), (1, 4), (1, 5), (1, 7), (1, 8), (2, 3), (3, 4), (4, 5), (5, 6), (5, 7), (6, 7), (7, 8)]
[(0, 1), (1, 2), (1, 3), (1, 4), (1, 5), (2, 3), (3, 4), (3, 7), (4, 5), (4, 7), (5, 6), (5, 7), (6, 7), (7, 8)]
[(0, 1), (1, 2), (1, 3), (1, 4), (2, 3), (2, 5), (2, 6), (2, 7), (3, 4), (3, 5), (4, 5), (5, 6), (6, 7), (7, 8)]
[(0, 1), (1, 2), (1, 3), (1, 4), (2, 3), (2, 5), (2, 6), (3, 4), (3, 5), (4, 5), (4, 6), (5, 6), (6, 7), (7, 8)]
[(0, 1), (1, 2), (1, 3), (1, 4), (2, 3), (2, 5), (2, 6), (3, 4), (3, 5), (4, 5), (5, 6), (5, 7), (6, 7), (7, 8)]
[(0, 1), (1, 2), (1, 3), (1, 4), (2, 3), (2, 5), (2, 7), (3, 4), (3, 5), (4, 5), (5, 6), (5, 7), (6, 7), (7, 8)]
[(0, 1), (1, 2), (1, 3), (1, 4), (2, 3), (2, 6), (2, 7), (3, 4), (3, 5), (3, 6), (4, 5), (5, 6), (6, 7), (7, 8)]
[(0, 1), (1, 2), (1, 3), (1, 4), (2, 3), (2, 6), (3, 4), (3, 5), (3, 6), (4, 5), (5, 6), (5, 7), (6, 7), (7, 8)]
[(0, 1), (1, 2), (1, 3), (1, 4), (2, 3), (2, 7), (3, 4), (3, 5), (3, 6), (3, 7), (4, 5), (5, 6), (6, 7), (7, 8)]
[(0, 1), (1, 2), (1, 3), (1, 4), (2, 3), (3, 4), (3, 5), (3, 7), (4, 5), (4, 6), (5, 6), (5, 7), (6, 7), (7, 8)]
[(0, 1), (1, 2), (1, 3), (1, 4), (2, 3), (2, 7), (3, 4), (3, 5), (3, 7), (4, 5), (5, 6), (5, 7), (6, 7), (7, 8)]
[(0, 1), (1, 2), (1, 3), (1, 4), (2, 3), (3, 4), (3, 5), (3, 7), (3, 8), (4, 5), (5, 6), (5, 7), (6, 7), (7, 8)]
[(0, 1), (1, 2), (1, 3), (1, 4), (1, 6), (1, 7), (1, 8), (2, 3), (3, 4), (4, 5), (4, 6), (5, 6), (6, 7), (7, 8)]
[(0, 1), (1, 2), (1, 3), (1, 4), (2, 3), (2, 6), (2, 7), (3, 4), (3, 6), (4, 5), (4, 6), (5, 6), (6, 7), (7, 8)]
[(0, 1), (1, 2), (1, 3), (1, 4), (2, 3), (2, 7), (3, 4), (3, 6), (3, 7), (4, 5), (4, 6), (5, 6), (6, 7), (7, 8)]
[(0, 1), (1, 2), (1, 3), (1, 4), (1, 7), (1, 8), (2, 3), (3, 4), (4, 5), (4, 6), (4, 7), (5, 6), (6, 7), (7, 8)]
[(0, 1), (1, 2), (1, 3), (1, 4), (2, 3), (2, 7), (3, 4), (3, 7), (4, 5), (4, 6), (4, 7), (5, 6), (6, 7), (7, 8)]
[(0, 1), (0, 7), (1, 2), (1, 3), (1, 4), (1, 7), (2, 3), (3, 4), (4, 5), (4, 7), (5, 6), (5, 7), (6, 7), (7, 8)]
[(0, 1), (1, 2), (1, 3), (1, 5), (1, 6), (2, 3), (2, 4), (2, 5), (3, 4), (4, 5), (5, 6), (5, 7), (6, 7), (7, 8)]
[(0, 1), (1, 2), (1, 3), (2, 3), (2, 4), (2, 5), (3, 4), (3, 6), (3, 7), (4, 5), (4, 6), (5, 6), (6, 7), (7, 8)]
[(0, 1), (1, 2), (1, 3), (2, 3), (2, 4), (2, 5), (3, 4), (3, 6), (4, 5), (4, 6), (5, 6), (5, 7), (6, 7), (7, 8)]
[(0, 1), (0, 6), (1, 2), (1, 3), (1, 6), (2, 3), (2, 4), (2, 6), (3, 4), (4, 5), (4, 6), (5, 6), (6, 7), (7, 8)]
[(0, 1), (0, 7), (1, 2), (1, 3), (1, 5), (1, 7), (2, 3), (3, 4), (3, 5), (4, 5), (5, 6), (5, 7), (6, 7), (7, 8)]
[(0, 1), (1, 2), (1, 3), (1, 5), (1, 7), (1, 8), (2, 3), (3, 4), (3, 5), (4, 5), (5, 6), (5, 7), (6, 7), (7, 8)]
[(0, 1), (1, 2), (1, 3), (1, 7), (1, 8), (2, 3), (3, 4), (3, 6), (3, 7), (4, 5), (4, 6), (5, 6), (6, 7), (7, 8)]
[(0, 1), (0, 4), (1, 2), (1, 4), (2, 3), (2, 4), (3, 4), (4, 5), (4, 6), (4, 7), (4, 8), (5, 6), (6, 7), (7, 8)]
[(0, 1), (1, 2), (1, 4), (1, 5), (2, 3), (2, 4), (3, 4), (3, 7), (4, 5), (4, 6), (4, 7), (5, 6), (6, 7), (7, 8)]
Rectangular Dual Graphs for n = 14:  173
[(0, 1), (0, 2), (0, 3), (0, 4), (0, 5), (0, 6), (0, 7), (0, 8), (1, 2), (2, 3), (3, 4), (4, 5), (5, 6), (6, 7), (7, 8)]
[(0, 1), (0, 2), (0, 3), (0, 4), (0, 5), (0, 6), (0, 7), (1, 2), (1, 7), (2, 3), (3, 4), (4, 5), (5, 6), (6, 7), (7, 8)]
[(0, 1), (0, 2), (0, 3), (0, 4), (0, 5), (0, 6), (0, 7), (1, 2), (2, 3), (3, 4), (4, 5), (5, 6), (6, 7), (6, 8), (7, 8)]
[(0, 1), (0, 2), (0, 3), (0, 4), (0, 5), (0, 6), (1, 2), (1, 6), (1, 7), (2, 3), (3, 4), (4, 5), (5, 6), (6, 7), (7, 8)]
[(0, 1), (0, 2), (0, 3), (0, 4), (0, 5), (0, 6), (1, 2), (1, 6), (2, 3), (3, 4), (3, 6), (4, 5), (5, 6), (6, 7), (7, 8)]
[(0, 1), (0, 2), (0, 3), (0, 4), (0, 5), (0, 6), (1, 2), (1, 6), (2, 3), (3, 4), (4, 5), (5, 6), (6, 7), (6, 8), (7, 8)]
[(0, 1), (0, 2), (0, 3), (0, 4), (0, 5), (0, 6), (1, 2), (2, 3), (3, 4), (4, 5), (4, 7), (5, 6), (5, 7), (6, 7), (7, 8)]
[(0, 1), (0, 2), (0, 3), (0, 4), (0, 5), (0, 6), (1, 2), (2, 3), (3, 4), (4, 5), (5, 6), (5, 7), (5, 8), (6, 7), (7, 8)]
[(0, 1), (0, 2), (0, 3), (0, 4), (0, 5), (0, 6), (1, 2), (2, 3), (3, 4), (4, 5), (5, 6), (5, 7), (6, 7), (6, 8), (7, 8)]
[(0, 1), (0, 2), (0, 3), (0, 4), (0, 5), (1, 2), (1, 5), (1, 6), (1, 7), (2, 3), (3, 4), (4, 5), (5, 6), (6, 7), (7, 8)]
[(0, 1), (0, 2), (0, 3), (0, 4), (0, 5), (1, 2), (1, 5), (1, 6), (2, 3), (2, 6), (3, 4), (4, 5), (5, 6), (6, 7), (7, 8)]
[(0, 1), (0, 2), (0, 3), (0, 4), (0, 5), (1, 2), (1, 5), (1, 6), (2, 3), (3, 4), (4, 5), (5, 6), (6, 7), (6, 8), (7, 8)]
[(0, 1), (0, 2), (0, 3), (0, 4), (0, 5), (1, 2), (1, 5), (1, 7), (2, 3), (3, 4), (4, 5), (5, 6), (5, 7), (6, 7), (7, 8)]
[(0, 1), (0, 2), (0, 3), (0, 4), (0, 5), (1, 2), (1, 5), (2, 3), (3, 4), (4, 5), (5, 6), (5, 7), (5, 8), (6, 7), (7, 8)]
[(0, 1), (0, 2), (0, 3), (0, 4), (0, 5), (1, 2), (1, 5), (2, 3), (3, 4), (4, 5), (5, 6), (5, 7), (6, 7), (6, 8), (7, 8)]
[(0, 1), (0, 2), (0, 3), (0, 4), (0, 5), (1, 2), (2, 3), (2, 6), (3, 4), (3, 6), (4, 5), (4, 6), (5, 6), (6, 7), (7, 8)]
[(0, 1), (0, 2), (0, 3), (0, 4), (0, 5), (1, 2), (2, 3), (3, 4), (3, 6), (3, 7), (4, 5), (4, 6), (5, 6), (6, 7), (7, 8)]
[(0, 1), (0, 2), (0, 3), (0, 4), (0, 5), (1, 2), (2, 3), (3, 4), (3, 6), (4, 5), (4, 6), (5, 6), (5, 7), (6, 7), (7, 8)]
[(0, 1), (0, 2), (0, 3), (0, 4), (0, 5), (1, 2), (2, 3), (3, 4), (3, 6), (4, 5), (4, 6), (5, 6), (6, 7), (6, 8), (7, 8)]
[(0, 1), (0, 2), (0, 3), (0, 4), (0, 5), (1, 2), (2, 3), (3, 4), (3, 7), (4, 5), (4, 6), (4, 7), (5, 6), (6, 7), (7, 8)]
[(0, 1), (0, 2), (0, 3), (0, 4), (0, 5), (1, 2), (2, 3), (3, 4), (4, 5), (4, 6), (4, 7), (5, 6), (6, 7), (6, 8), (7, 8)]
[(0, 1), (0, 2), (0, 3), (0, 4), (0, 5), (0, 7), (1, 2), (2, 3), (3, 4), (4, 5), (4, 6), (5, 6), (5, 7), (6, 7), (7, 8)]
[(0, 1), (0, 2), (0, 3), (0, 4), (0, 5), (1, 2), (2, 3), (3, 4), (4, 5), (4, 6), (5, 6), (5, 7), (5, 8), (6, 7), (7, 8)]
[(0, 1), (0, 2), (0, 3), (0, 4), (0, 5), (1, 2), (2, 3), (3, 4), (4, 5), (4, 6), (5, 6), (5, 7), (6, 7), (6, 8), (7, 8)]
[(0, 1), (0, 2), (0, 3), (0, 4), (0, 5), (0, 7), (0, 8), (1, 2), (2, 3), (3, 4), (4, 5), (5, 6), (5, 7), (6, 7), (7, 8)]
[(0, 1), (0, 2), (0, 3), (0, 4), (0, 5), (0, 7), (1, 2), (1, 7), (2, 3), (3, 4), (4, 5), (5, 6), (5, 7), (6, 7), (7, 8)]
[(0, 1), (0, 2), (0, 3), (0, 4), (0, 5), (1, 2), (2, 3), (3, 4), (3, 7), (4, 5), (4, 7), (5, 6), (5, 7), (6, 7), (7, 8)]
[(0, 1), (0, 2), (0, 3), (0, 4), (0, 5), (1, 2), (2, 3), (3, 4), (4, 5), (4, 7), (4, 8), (5, 6), (5, 7), (6, 7), (7, 8)]
[(0, 1), (0, 2), (0, 3), (0, 4), (1, 2), (1, 4), (1, 5), (1, 6), (1, 7), (2, 3), (3, 4), (4, 5), (5, 6), (6, 7), (7, 8)]
[(0, 1), (0, 2), (0, 3), (0, 4), (1, 2), (1, 4), (1, 5), (1, 6), (2, 3), (2, 6), (3, 4), (4, 5), (5, 6), (6, 7), (7, 8)]
[(0, 1), (0, 2), (0, 3), (0, 4), (1, 2), (1, 4), (1, 5), (1, 6), (2, 3), (3, 4), (3, 5), (4, 5), (5, 6), (6, 7), (7, 8)]
[(0, 1), (0, 2), (0, 3), (0, 4), (1, 2), (1, 4), (1, 5), (1, 6), (2, 3), (3, 4), (4, 5), (5, 6), (5, 7), (6, 7), (7, 8)]
[(0, 1), (0, 2), (0, 3), (0, 4), (1, 2), (1, 4), (1, 5), (1, 6), (2, 3), (3, 4), (4, 5), (5, 6), (6, 7), (6, 8), (7, 8)]
[(0, 1), (0, 2), (0, 3), (0, 4), (1, 2), (1, 4), (1, 5), (2, 3), (2, 5), (3, 4), (4, 5), (5, 6), (6, 7), (6, 8), (7, 8)]
[(0, 1), (0, 2), (0, 3), (0, 4), (1, 2), (1, 4), (1, 5), (1, 7), (2, 3), (3, 4), (4, 5), (5, 6), (5, 7), (6, 7), (7, 8)]
[(0, 1), (0, 2), (0, 3), (0, 4), (1, 2), (1, 4), (1, 5), (2, 3), (3, 4), (4, 5), (5, 6), (5, 7), (5, 8), (6, 7), (7, 8)]
[(0, 1), (0, 2), (0, 3), (0, 4), (1, 2), (1, 4), (1, 5), (2, 3), (3, 4), (4, 5), (5, 6), (5, 7), (6, 7), (6, 8), (7, 8)]
[(0, 1), (0, 2), (0, 3), (0, 4), (1, 2), (1, 4), (1, 6), (1, 7), (2, 3), (3, 4), (4, 5), (4, 6), (5, 6), (6, 7), (7, 8)]
[(0, 1), (0, 2), (0, 3), (0, 4), (1, 2), (1, 4), (1, 6), (2, 3), (2, 6), (3, 4), (4, 5), (4, 6), (5, 6), (6, 7), (7, 8)]
[(0, 1), (0, 2), (0, 3), (0, 4), (1, 2), (1, 4), (1, 6), (2, 3), (3, 4), (4, 5), (4, 6), (5, 6), (6, 7), (6, 8), (7, 8)]
[(0, 1), (0, 2), (0, 3), (0, 4), (1, 2), (1, 4), (1, 7), (2, 3), (3, 4), (4, 5), (4, 6), (4, 7), (5, 6), (6, 7), (7, 8)]
[(0, 1), (0, 2), (0, 3), (0, 4), (1, 2), (1, 4), (2, 3), (3, 4), (4, 5), (4, 6), (4, 7), (4, 8), (5, 6), (6, 7), (7, 8)]
[(0, 1), (0, 2), (0, 3), (0, 4), (1, 2), (1, 4), (2, 3), (3, 4), (4, 5), (4, 6), (4, 7), (5, 6), (6, 7), (6, 8), (7, 8)]
[(0, 1), (0, 2), (0, 3), (0, 4), (1, 2), (1, 4), (2, 3), (3, 4), (4, 5), (4, 6), (5, 6), (5, 7), (5, 8), (6, 7), (7, 8)]
[(0, 1), (0, 2), (0, 3), (0, 4), (1, 2), (1, 4), (1, 7), (2, 3), (3, 4), (4, 5), (4, 7), (5, 6), (5, 7), (6, 7), (7, 8)]
[(0, 1), (0, 2), (0, 3), (0, 4), (1, 2), (1, 5), (2, 3), (2, 5), (3, 4), (3, 5), (4, 5), (5, 6), (6, 7), (6, 8), (7, 8)]
[(0, 1), (0, 2), (0, 3), (0, 4), (1, 2), (2, 3), (2, 5), (2, 6), (2, 7), (3, 4), (3, 5), (4, 5), (5, 6), (6, 7), (7, 8)]
[(0, 1), (0, 2), (0, 3), (0, 4), (1, 2), (2, 3), (2, 5), (2, 6), (3, 4), (3, 5), (4, 5), (4, 6), (5, 6), (6, 7), (7, 8)]
[(0, 1), (0, 2), (0, 3), (0, 4), (1, 2), (2, 3), (2, 5), (2, 6), (3, 4), (3, 5), (4, 5), (5, 6), (5, 7), (6, 7), (7, 8)]
[(0, 1), (0, 2), (0, 3), (0, 4), (1, 2), (2, 3), (2, 5), (2, 6), (3, 4), (3, 5), (4, 5), (5, 6), (6, 7), (6, 8), (7, 8)]
[(0, 1), (0, 2), (0, 3), (0, 4), (1, 2), (2, 3), (2, 5), (3, 4), (3, 5), (4, 5), (4, 6), (4, 7), (5, 6), (6, 7), (7, 8)]
[(0, 1), (0, 2), (0, 3), (0, 4), (1, 2), (2, 3), (2, 5), (3, 4), (3, 5), (4, 5), (4, 6), (5, 6), (6, 7), (6, 8), (7, 8)]
[(0, 1), (0, 2), (0, 3), (0, 4), (1, 2), (2, 3), (2, 5), (2, 7), (3, 4), (3, 5), (4, 5), (5, 6), (5, 7), (6, 7), (7, 8)]
[(0, 1), (0, 2), (0, 3), (0, 4), (1, 2), (2, 3), (2, 5), (3, 4), (3, 5), (4, 5), (4, 7), (5, 6), (5, 7), (6, 7), (7, 8)]
[(0, 1), (0, 2), (0, 3), (0, 4), (1, 2), (2, 3), (2, 5), (3, 4), (3, 5), (4, 5), (5, 6), (5, 7), (5, 8), (6, 7), (7, 8)]
[(0, 1), (0, 2), (0, 3), (0, 4), (1, 2), (2, 3), (2, 5), (3, 4), (3, 5), (4, 5), (5, 6), (5, 7), (6, 7), (6, 8), (7, 8)]
[(0, 1), (0, 2), (0, 3), (0, 4), (1, 2), (1, 6), (2, 3), (2, 6), (3, 4), (3, 5), (3, 6), (4, 5), (5, 6), (6, 7), (7, 8)]
[(0, 1), (0, 2), (0, 3), (0, 4), (1, 2), (2, 3), (2, 6), (2, 7), (3, 4), (3, 5), (3, 6), (4, 5), (5, 6), (6, 7), (7, 8)]
[(0, 1), (0, 2), (0, 3), (0, 4), (1, 2), (2, 3), (2, 6), (3, 4), (3, 5), (3, 6), (4, 5), (5, 6), (5, 7), (6, 7), (7, 8)]
[(0, 1), (0, 2), (0, 3), (0, 4), (1, 2), (2, 3), (2, 6), (3, 4), (3, 5), (3, 6), (4, 5), (5, 6), (6, 7), (6, 8), (7, 8)]
[(0, 1), (0, 2), (0, 3), (0, 4), (1, 2), (2, 3), (2, 7), (3, 4), (3, 5), (3, 6), (3, 7), (4, 5), (5, 6), (6, 7), (7, 8)]
[(0, 1), (0, 2), (0, 3), (0, 4), (1, 2), (2, 3), (3, 4), (3, 5), (3, 6), (3, 7), (4, 5), (5, 6), (6, 7), (6, 8), (7, 8)]
[(0, 1), (0, 2), (0, 3), (0, 4), (1, 2), (2, 3), (3, 4), (3, 5), (3, 6), (4, 5), (4, 7), (5, 6), (5, 7), (6, 7), (7, 8)]
[(0, 1), (0, 2), (0, 3), (0, 4), (1, 2), (2, 3), (3, 4), (3, 5), (3, 6), (4, 5), (5, 6), (5, 7), (6, 7), (6, 8), (7, 8)]
[(0, 1), (0, 2), (0, 3), (0, 4), (0, 6), (0, 7), (1, 2), (2, 3), (3, 4), (3, 5), (4, 5), (4, 6), (5, 6), (6, 7), (7, 8)]
[(0, 1), (0, 2), (0, 3), (0, 4), (0, 6), (1, 2), (2, 3), (3, 4), (3, 5), (4, 5), (4, 6), (5, 6), (6, 7), (6, 8), (7, 8)]
[(0, 1), (0, 2), (0, 3), (0, 4), (0, 7), (1, 2), (2, 3), (3, 4), (3, 5), (4, 5), (4, 6), (4, 7), (5, 6), (6, 7), (7, 8)]
[(0, 1), (0, 2), (0, 3), (0, 4), (1, 2), (2, 3), (3, 4), (3, 5), (3, 7), (4, 5), (4, 6), (5, 6), (5, 7), (6, 7), (7, 8)]
[(0, 1), (0, 2), (0, 3), (0, 4), (1, 2), (2, 3), (3, 4), (3, 5), (4, 5), (4, 6), (5, 6), (5, 7), (6, 7), (6, 8), (7, 8)]
[(0, 1), (0, 2), (0, 3), (0, 4), (1, 2), (2, 3), (2, 7), (3, 4), (3, 5), (3, 7), (4, 5), (5, 6), (5, 7), (6, 7), (7, 8)]
[(0, 1), (0, 2), (0, 3), (0, 4), (1, 2), (2, 3), (3, 4), (3, 5), (3, 7), (3, 8), (4, 5), (5, 6), (5, 7), (6, 7), (7, 8)]
[(0, 1), (0, 2), (0, 3), (0, 4), (0, 7), (1, 2), (2, 3), (3, 4), (3, 5), (4, 5), (4, 7), (5, 6), (5, 7), (6, 7), (7, 8)]
[(0, 1), (0, 2), (0, 3), (0, 4), (1, 2), (2, 3), (3, 4), (3, 5), (4, 5), (4, 7), (4, 8), (5, 6), (5, 7), (6, 7), (7, 8)]
[(0, 1), (0, 2), (0, 3), (0, 4), (0, 6), (0, 7), (0, 8), (1, 2), (2, 3), (3, 4), (4, 5), (4, 6), (5, 6), (6, 7), (7, 8)]
[(0, 1), (0, 2), (0, 3), (0, 4), (0, 6), (0, 7), (1, 2), (2, 3), (3, 4), (4, 5), (4, 6), (5, 6), (6, 7), (6, 8), (7, 8)]
[(0, 1), (0, 2), (0, 3), (0, 4), (0, 6), (1, 2), (1, 6), (2, 3), (3, 4), (4, 5), (4, 6), (5, 6), (6, 7), (6, 8), (7, 8)]
[(0, 1), (0, 2), (0, 3), (0, 4), (1, 2), (1, 6), (2, 3), (2, 6), (3, 4), (3, 6), (4, 5), (4, 6), (5, 6), (6, 7), (7, 8)]
[(0, 1), (0, 2), (0, 3), (0, 4), (1, 2), (2, 3), (2, 6), (2, 7), (3, 4), (3, 6), (4, 5), (4, 6), (5, 6), (6, 7), (7, 8)]
[(0, 1), (0, 2), (0, 3), (0, 4), (1, 2), (2, 3), (2, 6), (3, 4), (3, 6), (4, 5), (4, 6), (5, 6), (6, 7), (6, 8), (7, 8)]
[(0, 1), (0, 2), (0, 3), (0, 4), (1, 2), (2, 3), (2, 7), (3, 4), (3, 6), (3, 7), (4, 5), (4, 6), (5, 6), (6, 7), (7, 8)]
[(0, 1), (0, 2), (0, 3), (0, 4), (1, 2), (2, 3), (3, 4), (3, 6), (3, 7), (3, 8), (4, 5), (4, 6), (5, 6), (6, 7), (7, 8)]
[(0, 1), (0, 2), (0, 3), (0, 4), (1, 2), (2, 3), (3, 4), (3, 6), (3, 7), (4, 5), (4, 6), (5, 6), (6, 7), (6, 8), (7, 8)]
[(0, 1), (0, 2), (0, 3), (0, 4), (0, 7), (0, 8), (1, 2), (2, 3), (3, 4), (4, 5), (4, 6), (4, 7), (5, 6), (6, 7), (7, 8)]
[(0, 1), (0, 2), (0, 3), (0, 4), (0, 7), (1, 2), (1, 7), (2, 3), (3, 4), (4, 5), (4, 6), (4, 7), (5, 6), (6, 7), (7, 8)]
[(0, 1), (0, 2), (0, 3), (0, 4), (1, 2), (2, 3), (2, 7), (3, 4), (3, 7), (4, 5), (4, 6), (4, 7), (5, 6), (6, 7), (7, 8)]
[(0, 1), (0, 2), (0, 3), (0, 4), (1, 2), (2, 3), (3, 4), (3, 7), (3, 8), (4, 5), (4, 6), (4, 7), (5, 6), (6, 7), (7, 8)]
[(0, 1), (0, 2), (0, 3), (0, 4), (0, 7), (0, 8), (1, 2), (2, 3), (3, 4), (4, 5), (4, 7), (5, 6), (5, 7), (6, 7), (7, 8)]
[(0, 1), (0, 2), (0, 3), (0, 4), (0, 7), (1, 2), (1, 7), (2, 3), (3, 4), (4, 5), (4, 7), (5, 6), (5, 7), (6, 7), (7, 8)]
[(0, 1), (0, 2), (0, 3), (0, 4), (1, 2), (2, 3), (2, 7), (3, 4), (3, 7), (4, 5), (4, 7), (5, 6), (5, 7), (6, 7), (7, 8)]
[(0, 1), (0, 2), (0, 3), (0, 4), (1, 2), (2, 3), (3, 4), (3, 7), (3, 8), (4, 5), (4, 7), (5, 6), (5, 7), (6, 7), (7, 8)]
[(0, 1), (0, 2), (0, 3), (0, 5), (0, 6), (0, 7), (1, 2), (1, 7), (2, 3), (3, 4), (3, 5), (4, 5), (5, 6), (6, 7), (7, 8)]
[(0, 1), (0, 2), (0, 3), (0, 5), (0, 6), (1, 2), (2, 3), (3, 4), (3, 5), (4, 5), (4, 7), (5, 6), (5, 7), (6, 7), (7, 8)]
[(0, 1), (0, 2), (0, 3), (0, 5), (1, 2), (1, 5), (1, 7), (2, 3), (3, 4), (3, 5), (4, 5), (5, 6), (5, 7), (6, 7), (7, 8)]
[(0, 1), (0, 2), (0, 3), (0, 5), (1, 2), (1, 5), (2, 3), (3, 4), (3, 5), (4, 5), (4, 7), (5, 6), (5, 7), (6, 7), (7, 8)]
[(0, 1), (0, 2), (0, 3), (0, 5), (1, 2), (1, 5), (2, 3), (3, 4), (3, 5), (4, 5), (5, 6), (5, 7), (5, 8), (6, 7), (7, 8)]
[(0, 1), (0, 2), (0, 3), (0, 5), (1, 2), (1, 5), (2, 3), (3, 4), (3, 5), (4, 5), (5, 6), (5, 7), (6, 7), (6, 8), (7, 8)]
[(0, 1), (0, 2), (0, 3), (0, 5), (0, 7), (0, 8), (1, 2), (2, 3), (3, 4), (3, 5), (4, 5), (5, 6), (5, 7), (6, 7), (7, 8)]
[(0, 1), (0, 2), (0, 3), (0, 5), (0, 7), (1, 2), (1, 7), (2, 3), (3, 4), (3, 5), (4, 5), (5, 6), (5, 7), (6, 7), (7, 8)]
[(0, 1), (0, 2), (0, 3), (0, 6), (0, 7), (0, 8), (1, 2), (2, 3), (3, 4), (3, 5), (3, 6), (4, 5), (5, 6), (6, 7), (7, 8)]
[(0, 1), (0, 2), (0, 3), (0, 6), (0, 7), (1, 2), (2, 3), (3, 4), (3, 5), (3, 6), (4, 5), (5, 6), (5, 7), (6, 7), (7, 8)]
[(0, 1), (0, 2), (0, 3), (0, 6), (0, 7), (1, 2), (2, 3), (3, 4), (3, 5), (3, 6), (4, 5), (5, 6), (6, 7), (6, 8), (7, 8)]
[(0, 1), (0, 2), (0, 3), (0, 6), (1, 2), (1, 6), (2, 3), (3, 4), (3, 5), (3, 6), (4, 5), (5, 6), (6, 7), (6, 8), (7, 8)]
[(0, 1), (0, 2), (0, 3), (0, 7), (1, 2), (1, 7), (2, 3), (3, 4), (3, 5), (3, 6), (3, 7), (4, 5), (5, 6), (6, 7), (7, 8)]
[(0, 1), (0, 2), (0, 3), (0, 7), (1, 2), (2, 3), (3, 4), (3, 5), (3, 7), (4, 5), (4, 6), (4, 7), (5, 6), (6, 7), (7, 8)]
[(0, 1), (0, 2), (0, 3), (0, 7), (0, 8), (1, 2), (2, 3), (3, 4), (3, 5), (3, 7), (4, 5), (5, 6), (5, 7), (6, 7), (7, 8)]
[(0, 1), (0, 2), (0, 3), (0, 7), (1, 2), (1, 7), (2, 3), (3, 4), (3, 5), (3, 7), (4, 5), (5, 6), (5, 7), (6, 7), (7, 8)]
[(0, 1), (0, 2), (0, 3), (0, 6), (1, 2), (1, 6), (2, 3), (3, 4), (3, 6), (4, 5), (4, 6), (5, 6), (6, 7), (6, 8), (7, 8)]
[(0, 1), (0, 2), (0, 3), (0, 7), (1, 2), (1, 7), (2, 3), (3, 4), (3, 7), (4, 5), (4, 6), (4, 7), (5, 6), (6, 7), (7, 8)]
[(0, 1), (0, 2), (0, 3), (0, 7), (1, 2), (1, 7), (2, 3), (3, 4), (3, 7), (4, 5), (4, 7), (5, 6), (5, 7), (6, 7), (7, 8)]
[(0, 1), (0, 2), (0, 4), (0, 5), (0, 6), (1, 2), (1, 6), (2, 3), (2, 4), (3, 4), (4, 5), (5, 6), (6, 7), (6, 8), (7, 8)]
[(0, 1), (0, 2), (0, 4), (0, 5), (0, 6), (1, 2), (2, 3), (2, 4), (3, 4), (4, 5), (4, 7), (5, 6), (5, 7), (6, 7), (7, 8)]
[(0, 1), (0, 2), (0, 4), (0, 5), (0, 7), (0, 8), (1, 2), (2, 3), (2, 4), (3, 4), (4, 5), (5, 6), (5, 7), (6, 7), (7, 8)]
[(0, 1), (0, 2), (0, 4), (0, 5), (0, 7), (1, 2), (1, 7), (2, 3), (2, 4), (3, 4), (4, 5), (5, 6), (5, 7), (6, 7), (7, 8)]
[(0, 1), (0, 2), (0, 4), (0, 6), (0, 7), (1, 2), (1, 7), (2, 3), (2, 4), (3, 4), (4, 5), (4, 6), (5, 6), (6, 7), (7, 8)]
[(0, 1), (0, 2), (0, 4), (0, 6), (1, 2), (1, 6), (1, 7), (2, 3), (2, 4), (3, 4), (4, 5), (4, 6), (5, 6), (6, 7), (7, 8)]
[(0, 1), (0, 2), (0, 4), (0, 6), (1, 2), (1, 6), (2, 3), (2, 4), (3, 4), (4, 5), (4, 6), (5, 6), (6, 7), (6, 8), (7, 8)]
[(0, 1), (0, 2), (0, 4), (0, 7), (1, 2), (1, 7), (2, 3), (2, 4), (3, 4), (4, 5), (4, 6), (4, 7), (5, 6), (6, 7), (7, 8)]
[(0, 1), (0, 2), (0, 4), (0, 7), (1, 2), (1, 7), (2, 3), (2, 4), (3, 4), (4, 5), (4, 7), (5, 6), (5, 7), (6, 7), (7, 8)]
[(0, 1), (0, 2), (0, 5), (0, 6), (1, 2), (2, 3), (2, 4), (2, 5), (3, 4), (4, 5), (4, 6), (5, 6), (6, 7), (6, 8), (7, 8)]
[(0, 1), (0, 2), (0, 5), (0, 7), (1, 2), (1, 7), (2, 3), (2, 4), (2, 5), (3, 4), (4, 5), (5, 6), (5, 7), (6, 7), (7, 8)]
[(0, 1), (0, 2), (0, 6), (0, 7), (1, 2), (2, 3), (2, 4), (2, 5), (2, 6), (3, 4), (4, 5), (5, 6), (5, 7), (6, 7), (7, 8)]
[(0, 1), (0, 2), (1, 2), (2, 3), (2, 4), (2, 5), (2, 6), (3, 4), (3, 7), (4, 5), (4, 7), (5, 6), (5, 7), (6, 7), (7, 8)]
[(0, 1), (0, 2), (1, 2), (2, 3), (2, 4), (2, 5), (3, 4), (3, 6), (3, 7), (4, 5), (4, 6), (5, 6), (5, 7), (6, 7), (7, 8)]
[(0, 1), (0, 2), (1, 2), (2, 3), (2, 4), (2, 5), (2, 7), (2, 8), (3, 4), (4, 5), (4, 6), (5, 6), (5, 7), (6, 7), (7, 8)]
[(0, 1), (0, 2), (0, 7), (1, 2), (2, 3), (2, 4), (2, 7), (3, 4), (3, 5), (3, 7), (4, 5), (5, 6), (5, 7), (6, 7), (7, 8)]
[(0, 1), (0, 2), (0, 5), (0, 7), (1, 2), (1, 7), (2, 3), (2, 5), (3, 4), (3, 5), (4, 5), (5, 6), (5, 7), (6, 7), (7, 8)]
[(0, 1), (0, 3), (0, 5), (0, 7), (1, 2), (1, 3), (1, 7), (2, 3), (3, 4), (3, 5), (4, 5), (5, 6), (5, 7), (6, 7), (7, 8)]
[(0, 1), (1, 2), (1, 3), (1, 4), (1, 5), (1, 6), (2, 3), (3, 4), (3, 7), (4, 5), (4, 7), (5, 6), (5, 7), (6, 7), (7, 8)]
[(0, 1), (1, 2), (1, 3), (1, 4), (1, 5), (2, 3), (2, 6), (2, 7), (3, 4), (3, 6), (4, 5), (4, 6), (5, 6), (6, 7), (7, 8)]
[(0, 1), (1, 2), (1, 3), (1, 4), (1, 5), (2, 3), (2, 7), (3, 4), (3, 6), (3, 7), (4, 5), (4, 6), (5, 6), (6, 7), (7, 8)]
[(0, 1), (1, 2), (1, 3), (1, 4), (1, 5), (2, 3), (3, 4), (3, 6), (3, 7), (4, 5), (4, 6), (5, 6), (5, 7), (6, 7), (7, 8)]
[(0, 1), (1, 2), (1, 3), (1, 4), (1, 5), (2, 3), (2, 7), (3, 4), (3, 7), (4, 5), (4, 6), (4, 7), (5, 6), (6, 7), (7, 8)]
[(0, 1), (1, 2), (1, 3), (1, 4), (1, 5), (1, 7), (1, 8), (2, 3), (3, 4), (4, 5), (4, 6), (5, 6), (5, 7), (6, 7), (7, 8)]
[(0, 1), (1, 2), (1, 3), (1, 4), (2, 3), (2, 5), (2, 6), (2, 7), (3, 4), (3, 5), (4, 5), (4, 6), (5, 6), (6, 7), (7, 8)]
[(0, 1), (1, 2), (1, 3), (1, 4), (2, 3), (2, 5), (2, 6), (3, 4), (3, 5), (4, 5), (4, 7), (5, 6), (5, 7), (6, 7), (7, 8)]
[(0, 1), (1, 2), (1, 3), (1, 4), (1, 7), (1, 8), (2, 3), (3, 4), (3, 5), (4, 5), (4, 6), (4, 7), (5, 6), (6, 7), (7, 8)]
[(0, 1), (0, 7), (1, 2), (1, 3), (1, 4), (1, 7), (2, 3), (3, 4), (3, 5), (4, 5), (4, 7), (5, 6), (5, 7), (6, 7), (7, 8)]
[(0, 1), (0, 7), (1, 2), (1, 3), (1, 5), (1, 7), (2, 3), (2, 4), (2, 5), (3, 4), (4, 5), (5, 6), (5, 7), (6, 7), (7, 8)]
[(0, 1), (1, 2), (1, 4), (1, 5), (2, 3), (2, 4), (3, 4), (3, 7), (3, 5), (4, 5), (4, 6), (4, 7), (5, 6), (6, 7), (7, 8)]
Rectangular Dual Graphs for n = 15:  139
[(0, 1), (0, 2), (0, 3), (0, 4), (0, 5), (0, 6), (0, 7), (0, 8), (1, 2), (1, 8), (2, 3), (3, 4), (4, 5), (5, 6), (6, 7), (7, 8)]
[(0, 1), (0, 2), (0, 3), (0, 4), (0, 5), (0, 6), (0, 7), (1, 2), (1, 7), (1, 8), (2, 3), (3, 4), (4, 5), (5, 6), (6, 7), (7, 8)]
[(0, 1), (0, 2), (0, 3), (0, 4), (0, 5), (0, 6), (0, 7), (1, 2), (1, 7), (2, 3), (3, 4), (3, 7), (4, 5), (5, 6), (6, 7), (7, 8)]
[(0, 1), (0, 2), (0, 3), (0, 4), (0, 5), (0, 6), (0, 7), (1, 2), (2, 3), (3, 4), (4, 5), (5, 6), (5, 8), (6, 7), (6, 8), (7, 8)]
[(0, 1), (0, 2), (0, 3), (0, 4), (0, 5), (0, 6), (1, 2), (1, 6), (1, 7), (1, 8), (2, 3), (3, 4), (4, 5), (5, 6), (6, 7), (7, 8)]
[(0, 1), (0, 2), (0, 3), (0, 4), (0, 5), (0, 6), (1, 2), (1, 6), (1, 7), (2, 3), (2, 7), (3, 4), (4, 5), (5, 6), (6, 7), (7, 8)]
[(0, 1), (0, 2), (0, 3), (0, 4), (0, 5), (0, 6), (1, 2), (1, 6), (1, 7), (2, 3), (3, 4), (3, 6), (4, 5), (5, 6), (6, 7), (7, 8)]
[(0, 1), (0, 2), (0, 3), (0, 4), (0, 5), (0, 6), (1, 2), (1, 6), (2, 3), (3, 4), (3, 6), (3, 7), (4, 5), (5, 6), (6, 7), (7, 8)]
[(0, 1), (0, 2), (0, 3), (0, 4), (0, 5), (0, 6), (1, 2), (1, 6), (2, 3), (3, 4), (3, 6), (4, 5), (5, 6), (6, 7), (6, 8), (7, 8)]
[(0, 1), (0, 2), (0, 3), (0, 4), (0, 5), (0, 6), (1, 2), (2, 3), (3, 4), (3, 7), (4, 5), (4, 7), (5, 6), (5, 7), (6, 7), (7, 8)]
[(0, 1), (0, 2), (0, 3), (0, 4), (0, 5), (0, 6), (1, 2), (2, 3), (3, 4), (4, 5), (4, 7), (4, 8), (5, 6), (5, 7), (6, 7), (7, 8)]
[(0, 1), (0, 2), (0, 3), (0, 4), (0, 5), (0, 6), (1, 2), (2, 3), (3, 4), (4, 5), (4, 7), (5, 6), (5, 7), (6, 7), (6, 8), (7, 8)]
[(0, 1), (0, 2), (0, 3), (0, 4), (0, 5), (0, 6), (1, 2), (2, 3), (3, 4), (4, 5), (4, 8), (5, 6), (5, 7), (5, 8), (6, 7), (7, 8)]
[(0, 1), (0, 2), (0, 3), (0, 4), (0, 5), (1, 2), (1, 5), (1, 6), (1, 7), (2, 3), (2, 7), (3, 4), (4, 5), (5, 6), (6, 7), (7, 8)]
[(0, 1), (0, 2), (0, 3), (0, 4), (0, 5), (1, 2), (1, 5), (1, 6), (1, 7), (2, 3), (3, 4), (4, 5), (4, 6), (5, 6), (6, 7), (7, 8)]
[(0, 1), (0, 2), (0, 3), (0, 4), (0, 5), (1, 2), (1, 5), (1, 6), (1, 7), (2, 3), (3, 4), (4, 5), (5, 6), (6, 7), (6, 8), (7, 8)]
[(0, 1), (0, 2), (0, 3), (0, 4), (0, 5), (1, 2), (1, 5), (1, 6), (2, 3), (2, 6), (3, 4), (3, 6), (4, 5), (5, 6), (6, 7), (7, 8)]
[(0, 1), (0, 2), (0, 3), (0, 4), (0, 5), (1, 2), (1, 5), (1, 6), (2, 3), (2, 6), (3, 4), (4, 5), (5, 6), (6, 7), (6, 8), (7, 8)]
[(0, 1), (0, 2), (0, 3), (0, 4), (0, 5), (1, 2), (1, 5), (1, 7), (1, 8), (2, 3), (3, 4), (4, 5), (5, 6), (5, 7), (6, 7), (7, 8)]
[(0, 1), (0, 2), (0, 3), (0, 4), (0, 5), (1, 2), (1, 5), (1, 7), (2, 3), (2, 7), (3, 4), (4, 5), (5, 6), (5, 7), (6, 7), (7, 8)]
[(0, 1), (0, 2), (0, 3), (0, 4), (0, 5), (1, 2), (1, 6), (2, 3), (2, 6), (3, 4), (3, 6), (4, 5), (4, 6), (5, 6), (6, 7), (7, 8)]
[(0, 1), (0, 2), (0, 3), (0, 4), (0, 5), (1, 2), (2, 3), (2, 6), (2, 7), (3, 4), (3, 6), (4, 5), (4, 6), (5, 6), (6, 7), (7, 8)]
[(0, 1), (0, 2), (0, 3), (0, 4), (0, 5), (1, 2), (2, 3), (2, 6), (3, 4), (3, 6), (4, 5), (4, 6), (5, 6), (5, 7), (6, 7), (7, 8)]
[(0, 1), (0, 2), (0, 3), (0, 4), (0, 5), (1, 2), (2, 3), (2, 6), (3, 4), (3, 6), (4, 5), (4, 6), (5, 6), (6, 7), (6, 8), (7, 8)]
[(0, 1), (0, 2), (0, 3), (0, 4), (0, 5), (1, 2), (2, 3), (2, 7), (3, 4), (3, 6), (3, 7), (4, 5), (4, 6), (5, 6), (6, 7), (7, 8)]
[(0, 1), (0, 2), (0, 3), (0, 4), (0, 5), (1, 2), (2, 3), (3, 4), (3, 6), (3, 7), (3, 8), (4, 5), (4, 6), (5, 6), (6, 7), (7, 8)]
[(0, 1), (0, 2), (0, 3), (0, 4), (0, 5), (1, 2), (2, 3), (3, 4), (3, 6), (3, 7), (4, 5), (4, 6), (5, 6), (5, 7), (6, 7), (7, 8)]
[(0, 1), (0, 2), (0, 3), (0, 4), (0, 5), (1, 2), (2, 3), (3, 4), (3, 6), (3, 7), (4, 5), (4, 6), (5, 6), (6, 7), (6, 8), (7, 8)]
[(0, 1), (0, 2), (0, 3), (0, 4), (0, 5), (0, 7), (1, 2), (2, 3), (3, 4), (3, 6), (4, 5), (4, 6), (5, 6), (5, 7), (6, 7), (7, 8)]
[(0, 1), (0, 2), (0, 3), (0, 4), (0, 5), (1, 2), (2, 3), (3, 4), (3, 6), (4, 5), (4, 6), (5, 6), (5, 7), (5, 8), (6, 7), (7, 8)]
[(0, 1), (0, 2), (0, 3), (0, 4), (0, 5), (1, 2), (2, 3), (3, 4), (3, 6), (4, 5), (4, 6), (5, 6), (5, 7), (6, 7), (6, 8), (7, 8)]
[(0, 1), (0, 2), (0, 3), (0, 4), (0, 5), (1, 2), (2, 3), (2, 7), (3, 4), (3, 7), (4, 5), (4, 6), (4, 7), (5, 6), (6, 7), (7, 8)]
[(0, 1), (0, 2), (0, 3), (0, 4), (0, 5), (1, 2), (2, 3), (3, 4), (3, 7), (3, 8), (4, 5), (4, 6), (4, 7), (5, 6), (6, 7), (7, 8)]
[(0, 1), (0, 2), (0, 3), (0, 4), (0, 5), (1, 2), (2, 3), (3, 4), (3, 7), (4, 5), (4, 6), (4, 7), (5, 6), (6, 7), (6, 8), (7, 8)]
[(0, 1), (0, 2), (0, 3), (0, 4), (0, 5), (1, 2), (2, 3), (3, 4), (4, 5), (4, 6), (4, 7), (5, 6), (5, 8), (6, 7), (6, 8), (7, 8)]
[(0, 1), (0, 2), (0, 3), (0, 4), (0, 5), (0, 7), (0, 8), (1, 2), (2, 3), (3, 4), (4, 5), (4, 6), (5, 6), (5, 7), (6, 7), (7, 8)]
[(0, 1), (0, 2), (0, 3), (0, 4), (0, 5), (0, 7), (1, 2), (1, 7), (2, 3), (3, 4), (4, 5), (4, 6), (5, 6), (5, 7), (6, 7), (7, 8)]
[(0, 1), (0, 2), (0, 3), (0, 4), (0, 5), (0, 7), (1, 2), (1, 7), (1, 8), (2, 3), (3, 4), (4, 5), (5, 6), (5, 7), (6, 7), (7, 8)]
[(0, 1), (0, 2), (0, 3), (0, 4), (0, 5), (0, 7), (1, 2), (1, 7), (2, 3), (3, 4), (3, 7), (4, 5), (5, 6), (5, 7), (6, 7), (7, 8)]
[(0, 1), (0, 2), (0, 3), (0, 4), (0, 5), (1, 2), (2, 3), (2, 7), (3, 4), (3, 7), (4, 5), (4, 7), (5, 6), (5, 7), (6, 7), (7, 8)]
[(0, 1), (0, 2), (0, 3), (0, 4), (0, 5), (1, 2), (2, 3), (3, 4), (3, 7), (3, 8), (4, 5), (4, 7), (5, 6), (5, 7), (6, 7), (7, 8)]
[(0, 1), (0, 2), (0, 3), (0, 4), (0, 5), (1, 2), (2, 3), (3, 4), (3, 8), (4, 5), (4, 7), (4, 8), (5, 6), (5, 7), (6, 7), (7, 8)]
[(0, 1), (0, 2), (0, 3), (0, 4), (1, 2), (1, 4), (1, 5), (1, 6), (1, 7), (2, 3), (2, 7), (3, 4), (4, 5), (5, 6), (6, 7), (7, 8)]
[(0, 1), (0, 2), (0, 3), (0, 4), (1, 2), (1, 4), (1, 5), (1, 6), (1, 7), (2, 3), (3, 4), (3, 5), (4, 5), (5, 6), (6, 7), (7, 8)]
[(0, 1), (0, 2), (0, 3), (0, 4), (1, 2), (1, 4), (1, 5), (1, 6), (1, 7), (2, 3), (3, 4), (4, 5), (5, 6), (6, 7), (6, 8), (7, 8)]
[(0, 1), (0, 2), (0, 3), (0, 4), (1, 2), (1, 4), (1, 5), (1, 6), (2, 3), (2, 6), (2, 7), (3, 4), (4, 5), (5, 6), (6, 7), (7, 8)]
[(0, 1), (0, 2), (0, 3), (0, 4), (1, 2), (1, 4), (1, 5), (1, 6), (2, 3), (2, 6), (3, 4), (3, 5), (4, 5), (5, 6), (6, 7), (7, 8)]
[(0, 1), (0, 2), (0, 3), (0, 4), (1, 2), (1, 4), (1, 5), (1, 6), (2, 3), (2, 6), (3, 4), (3, 6), (4, 5), (5, 6), (6, 7), (7, 8)]
[(0, 1), (0, 2), (0, 3), (0, 4), (1, 2), (1, 4), (1, 5), (1, 6), (2, 3), (2, 6), (3, 4), (4, 5), (5, 6), (5, 7), (6, 7), (7, 8)]
[(0, 1), (0, 2), (0, 3), (0, 4), (1, 2), (1, 4), (1, 5), (1, 6), (2, 3), (2, 6), (3, 4), (4, 5), (5, 6), (6, 7), (6, 8), (7, 8)]
[(0, 1), (0, 2), (0, 3), (0, 4), (1, 2), (1, 4), (1, 5), (1, 6), (2, 3), (3, 4), (3, 5), (3, 6), (4, 5), (5, 6), (6, 7), (7, 8)]
[(0, 1), (0, 2), (0, 3), (0, 4), (1, 2), (1, 4), (1, 5), (1, 6), (2, 3), (3, 4), (3, 5), (4, 5), (5, 6), (5, 7), (6, 7), (7, 8)]
[(0, 1), (0, 2), (0, 3), (0, 4), (1, 2), (1, 4), (1, 5), (1, 6), (2, 3), (3, 4), (3, 5), (4, 5), (5, 6), (6, 7), (6, 8), (7, 8)]
[(0, 1), (0, 2), (0, 3), (0, 4), (1, 2), (1, 4), (1, 5), (1, 6), (2, 3), (3, 4), (4, 5), (4, 7), (5, 6), (5, 7), (6, 7), (7, 8)]
[(0, 1), (0, 2), (0, 3), (0, 4), (1, 2), (1, 4), (1, 5), (1, 6), (2, 3), (3, 4), (4, 5), (5, 6), (5, 7), (6, 7), (6, 8), (7, 8)]
[(0, 1), (0, 2), (0, 3), (0, 4), (1, 2), (1, 4), (1, 5), (2, 3), (2, 5), (2, 7), (3, 4), (4, 5), (5, 6), (5, 7), (6, 7), (7, 8)]
[(0, 1), (0, 2), (0, 3), (0, 4), (1, 2), (1, 4), (1, 5), (2, 3), (2, 5), (3, 4), (4, 5), (5, 6), (5, 7), (5, 8), (6, 7), (7, 8)]
[(0, 1), (0, 2), (0, 3), (0, 4), (1, 2), (1, 4), (1, 5), (2, 3), (2, 5), (3, 4), (4, 5), (5, 6), (5, 7), (6, 7), (6, 8), (7, 8)]
[(0, 1), (0, 2), (0, 3), (0, 4), (1, 2), (1, 4), (1, 5), (1, 7), (1, 8), (2, 3), (3, 4), (4, 5), (5, 6), (5, 7), (6, 7), (7, 8)]
[(0, 1), (0, 2), (0, 3), (0, 4), (1, 2), (1, 4), (1, 5), (1, 7), (2, 3), (2, 7), (3, 4), (4, 5), (5, 6), (5, 7), (6, 7), (7, 8)]
[(0, 1), (0, 2), (0, 3), (0, 4), (1, 2), (1, 4), (1, 6), (1, 7), (1, 8), (2, 3), (3, 4), (4, 5), (4, 6), (5, 6), (6, 7), (7, 8)]
[(0, 1), (0, 2), (0, 3), (0, 4), (1, 2), (1, 4), (1, 6), (1, 7), (2, 3), (3, 4), (4, 5), (4, 6), (5, 6), (6, 7), (6, 8), (7, 8)]
[(0, 1), (0, 2), (0, 3), (0, 4), (1, 2), (1, 4), (1, 6), (2, 3), (2, 6), (3, 4), (4, 5), (4, 6), (5, 6), (6, 7), (6, 8), (7, 8)]
[(0, 1), (0, 2), (0, 3), (0, 4), (1, 2), (1, 4), (1, 7), (2, 3), (2, 7), (3, 4), (4, 5), (4, 6), (4, 7), (5, 6), (6, 7), (7, 8)]
[(0, 1), (0, 2), (0, 3), (0, 4), (1, 2), (1, 4), (2, 3), (3, 4), (4, 5), (4, 6), (4, 7), (5, 6), (5, 8), (6, 7), (6, 8), (7, 8)]
[(0, 1), (0, 2), (0, 3), (0, 4), (1, 2), (1, 4), (1, 7), (2, 3), (2, 7), (3, 4), (4, 5), (4, 7), (5, 6), (5, 7), (6, 7), (7, 8)]
[(0, 1), (0, 2), (0, 3), (0, 4), (1, 2), (1, 5), (1, 7), (2, 3), (2, 5), (3, 4), (3, 5), (4, 5), (5, 6), (5, 7), (6, 7), (7, 8)]
[(0, 1), (0, 2), (0, 3), (0, 4), (1, 2), (1, 5), (2, 3), (2, 5), (3, 4), (3, 5), (4, 5), (5, 6), (5, 7), (5, 8), (6, 7), (7, 8)]
[(0, 1), (0, 2), (0, 3), (0, 4), (1, 2), (1, 5), (2, 3), (2, 5), (3, 4), (3, 5), (4, 5), (5, 6), (5, 7), (6, 7), (6, 8), (7, 8)]
[(0, 1), (0, 2), (0, 3), (0, 4), (1, 2), (1, 7), (2, 3), (2, 5), (2, 6), (2, 7), (3, 4), (3, 5), (4, 5), (5, 6), (6, 7), (7, 8)]
[(0, 1), (0, 2), (0, 3), (0, 4), (1, 2), (2, 3), (2, 5), (2, 6), (2, 7), (3, 4), (3, 5), (4, 5), (4, 6), (5, 6), (6, 7), (7, 8)]
[(0, 1), (0, 2), (0, 3), (0, 4), (1, 2), (2, 3), (2, 5), (2, 6), (2, 7), (3, 4), (3, 5), (4, 5), (5, 6), (6, 7), (6, 8), (7, 8)]
[(0, 1), (0, 2), (0, 3), (0, 4), (1, 2), (2, 3), (2, 5), (2, 6), (3, 4), (3, 5), (4, 5), (4, 6), (5, 6), (6, 7), (6, 8), (7, 8)]
[(0, 1), (0, 2), (0, 3), (0, 4), (1, 2), (2, 3), (2, 5), (2, 6), (3, 4), (3, 5), (4, 5), (4, 7), (5, 6), (5, 7), (6, 7), (7, 8)]
[(0, 1), (0, 2), (0, 3), (0, 4), (1, 2), (2, 3), (2, 5), (2, 6), (3, 4), (3, 5), (4, 5), (5, 6), (5, 7), (6, 7), (6, 8), (7, 8)]
[(0, 1), (0, 2), (0, 3), (0, 4), (0, 7), (1, 2), (2, 3), (2, 5), (3, 4), (3, 5), (4, 5), (4, 6), (4, 7), (5, 6), (6, 7), (7, 8)]
[(0, 1), (0, 2), (0, 3), (0, 4), (1, 2), (2, 3), (2, 5), (3, 4), (3, 5), (4, 5), (4, 6), (4, 7), (5, 6), (6, 7), (6, 8), (7, 8)]
[(0, 1), (0, 2), (0, 3), (0, 4), (1, 2), (1, 7), (2, 3), (2, 5), (2, 7), (3, 4), (3, 5), (4, 5), (5, 6), (5, 7), (6, 7), (7, 8)]
[(0, 1), (0, 2), (0, 3), (0, 4), (1, 2), (2, 3), (2, 5), (2, 7), (2, 8), (3, 4), (3, 5), (4, 5), (5, 6), (5, 7), (6, 7), (7, 8)]
[(0, 1), (0, 2), (0, 3), (0, 4), (0, 7), (1, 2), (2, 3), (2, 5), (3, 4), (3, 5), (4, 5), (4, 7), (5, 6), (5, 7), (6, 7), (7, 8)]
[(0, 1), (0, 2), (0, 3), (0, 4), (1, 2), (2, 3), (2, 5), (3, 4), (3, 5), (4, 5), (4, 7), (4, 8), (5, 6), (5, 7), (6, 7), (7, 8)]
[(0, 1), (0, 2), (0, 3), (0, 4), (1, 2), (1, 6), (2, 3), (2, 6), (3, 4), (3, 5), (3, 6), (4, 5), (5, 6), (6, 7), (6, 8), (7, 8)]
[(0, 1), (0, 2), (0, 3), (0, 4), (1, 2), (2, 3), (2, 6), (2, 7), (2, 8), (3, 4), (3, 5), (3, 6), (4, 5), (5, 6), (6, 7), (7, 8)]
[(0, 1), (0, 2), (0, 3), (0, 4), (1, 2), (2, 3), (2, 6), (2, 7), (3, 4), (3, 5), (3, 6), (4, 5), (5, 6), (5, 7), (6, 7), (7, 8)]
[(0, 1), (0, 2), (0, 3), (0, 4), (1, 2), (2, 3), (2, 6), (3, 4), (3, 5), (3, 6), (4, 5), (4, 7), (5, 6), (5, 7), (6, 7), (7, 8)]
[(0, 1), (0, 2), (0, 3), (0, 4), (1, 2), (2, 3), (2, 7), (3, 4), (3, 5), (3, 6), (3, 7), (4, 5), (5, 6), (6, 7), (6, 8), (7, 8)]
[(0, 1), (0, 2), (0, 3), (0, 4), (0, 7), (1, 2), (2, 3), (3, 4), (3, 5), (3, 6), (4, 5), (4, 7), (5, 6), (5, 7), (6, 7), (7, 8)]
[(0, 1), (0, 2), (0, 3), (0, 4), (0, 6), (0, 7), (0, 8), (1, 2), (2, 3), (3, 4), (3, 5), (4, 5), (4, 6), (5, 6), (6, 7), (7, 8)]
[(0, 1), (0, 2), (0, 3), (0, 4), (0, 7), (1, 2), (1, 7), (2, 3), (3, 4), (3, 5), (4, 5), (4, 6), (4, 7), (5, 6), (6, 7), (7, 8)]
[(0, 1), (0, 2), (0, 3), (0, 4), (1, 2), (2, 3), (2, 7), (3, 4), (3, 5), (3, 7), (4, 5), (4, 6), (5, 6), (5, 7), (6, 7), (7, 8)]
[(0, 1), (0, 2), (0, 3), (0, 4), (1, 2), (1, 7), (2, 3), (2, 7), (3, 4), (3, 5), (3, 7), (4, 5), (5, 6), (5, 7), (6, 7), (7, 8)]
[(0, 1), (0, 2), (0, 3), (0, 4), (1, 2), (2, 3), (2, 7), (2, 8), (3, 4), (3, 5), (3, 7), (4, 5), (5, 6), (5, 7), (6, 7), (7, 8)]
[(0, 1), (0, 2), (0, 3), (0, 4), (1, 2), (2, 3), (2, 8), (3, 4), (3, 5), (3, 7), (3, 8), (4, 5), (5, 6), (5, 7), (6, 7), (7, 8)]
[(0, 1), (0, 2), (0, 3), (0, 4), (0, 7), (0, 8), (1, 2), (2, 3), (3, 4), (3, 5), (4, 5), (4, 7), (5, 6), (5, 7), (6, 7), (7, 8)]
[(0, 1), (0, 2), (0, 3), (0, 4), (0, 7), (1, 2), (1, 7), (2, 3), (3, 4), (3, 5), (4, 5), (4, 7), (5, 6), (5, 7), (6, 7), (7, 8)]
[(0, 1), (0, 2), (0, 3), (0, 4), (1, 2), (1, 6), (2, 3), (2, 6), (3, 4), (3, 6), (4, 5), (4, 6), (5, 6), (6, 7), (6, 8), (7, 8)]
[(0, 1), (0, 2), (0, 3), (0, 4), (1, 2), (2, 3), (2, 6), (2, 7), (2, 8), (3, 4), (3, 6), (4, 5), (4, 6), (5, 6), (6, 7), (7, 8)]
[(0, 1), (0, 2), (0, 3), (0, 4), (1, 2), (2, 3), (2, 7), (2, 8), (3, 4), (3, 6), (3, 7), (4, 5), (4, 6), (5, 6), (6, 7), (7, 8)]
[(0, 1), (0, 2), (0, 3), (0, 4), (1, 2), (1, 7), (2, 3), (2, 7), (3, 4), (3, 7), (4, 5), (4, 6), (4, 7), (5, 6), (6, 7), (7, 8)]
[(0, 1), (0, 2), (0, 3), (0, 4), (1, 2), (1, 7), (2, 3), (2, 7), (3, 4), (3, 7), (4, 5), (4, 7), (5, 6), (5, 7), (6, 7), (7, 8)]
[(0, 1), (0, 2), (0, 3), (0, 5), (0, 6), (0, 7), (1, 2), (1, 7), (2, 3), (3, 4), (3, 5), (3, 7), (4, 5), (5, 6), (6, 7), (7, 8)]
[(0, 1), (0, 2), (0, 3), (0, 5), (1, 2), (1, 5), (1, 7), (2, 3), (2, 7), (3, 4), (3, 5), (4, 5), (5, 6), (5, 7), (6, 7), (7, 8)]
[(0, 1), (0, 2), (0, 3), (0, 7), (1, 2), (1, 7), (2, 3), (3, 4), (3, 5), (3, 7), (4, 5), (4, 6), (4, 7), (5, 6), (6, 7), (7, 8)]
[(0, 1), (0, 2), (0, 4), (0, 5), (0, 6), (1, 2), (2, 3), (2, 4), (3, 4), (3, 7), (4, 5), (4, 7), (5, 6), (5, 7), (6, 7), (7, 8)]
[(0, 1), (0, 2), (0, 4), (0, 6), (1, 2), (1, 6), (1, 7), (2, 3), (2, 4), (2, 7), (3, 4), (4, 5), (4, 6), (5, 6), (6, 7), (7, 8)]
[(0, 1), (0, 2), (0, 6), (0, 7), (1, 2), (2, 3), (2, 4), (2, 5), (2, 6), (3, 4), (4, 5), (4, 7), (5, 6), (5, 7), (6, 7), (7, 8)]
[(0, 1), (0, 3), (0, 5), (0, 7), (1, 2), (1, 3), (1, 7), (1, 8), (2, 3), (3, 4), (3, 5), (4, 5), (5, 6), (5, 7), (6, 7), (7, 8)]
[(0, 1), (0, 3), (0, 5), (0, 7), (1, 2), (1, 3), (1, 7), (2, 3), (2, 7), (3, 4), (3, 5), (4, 5), (5, 6), (5, 7), (6, 7), (7, 8)]
[(0, 1), (1, 2), (1, 3), (1, 4), (1, 5), (1, 6), (2, 3), (2, 7), (3, 4), (3, 7), (4, 5), (4, 7), (5, 6), (5, 7), (6, 7), (7, 8)]
[(0, 1), (1, 2), (1, 3), (1, 4), (1, 5), (2, 3), (2, 6), (2, 7), (3, 4), (3, 6), (4, 5), (4, 6), (5, 6), (5, 7), (6, 7), (7, 8)]
[(0, 1), (1, 2), (1, 3), (1, 4), (1, 5), (2, 3), (2, 7), (3, 4), (3, 6), (3, 7), (4, 5), (4, 6), (5, 6), (5, 7), (6, 7), (7, 8)]
[(0, 1), (1, 2), (1, 3), (1, 4), (1, 5), (1, 7), (1, 8), (2, 3), (3, 4), (3, 6), (4, 5), (4, 6), (5, 6), (5, 7), (6, 7), (7, 8)]
[(0, 1), (1, 2), (1, 3), (1, 4), (2, 3), (2, 5), (2, 6), (2, 7), (3, 4), (3, 5), (4, 5), (4, 6), (4, 7), (5, 6), (6, 7), (7, 8)]
[(0, 1), (0, 7), (1, 2), (1, 3), (1, 4), (1, 7), (2, 3), (2, 5), (2, 7), (3, 4), (3, 5), (4, 5), (5, 6), (5, 7), (6, 7), (7, 8)]
[(0, 1), (0, 3), (1, 2), (1, 3), (1, 7), (2, 3), (2, 4), (2, 5), (2, 6), (2, 7), (3, 4), (4, 5), (4, 7), (5, 6), (6, 7), (7, 8)]
[(0, 1), (1, 2), (1, 3), (1, 7), (1, 8), (2, 3), (2, 4), (2, 5), (2, 6), (2, 7), (3, 4), (4, 5), (4, 7), (5, 6), (6, 7), (7, 8)]
[(0, 1), (1, 2), (1, 3), (1, 7), (2, 3), (2, 4), (2, 5), (2, 6), (2, 7), (3, 4), (4, 5), (4, 7), (4, 8), (5, 6), (6, 7), (7, 8)]
[(0, 1), (1, 2), (1, 3), (1, 7), (2, 3), (2, 4), (2, 5), (2, 6), (2, 7), (3, 4), (4, 5), (4, 7), (5, 6), (6, 7), (6, 8), (7, 8)]
[(0, 1), (0, 2), (1, 2), (1, 4), (1, 5), (2, 3), (2, 4), (3, 4), (3, 7), (3, 5), (4, 5), (4, 6), (4, 7), (5, 6), (6, 7), (7, 8)]
[(0, 1), (0, 5), (1, 2), (1, 4), (1, 5), (2, 3), (2, 4), (3, 4), (3, 7), (3, 5), (4, 5), (4, 6), (4, 7), (5, 6), (6, 7), (7, 8)]
Rectangular Dual Graphs for n = 16:  120
[(0, 1), (0, 2), (0, 3), (0, 4), (0, 5), (0, 6), (0, 7), (0, 8), (1, 2), (1, 8), (2, 3), (3, 4), (3, 8), (4, 5), (5, 6), (6, 7), (7, 8)]
[(0, 1), (0, 2), (0, 3), (0, 4), (0, 5), (0, 6), (0, 7), (0, 8), (1, 2), (1, 8), (2, 3), (3, 4), (4, 5), (4, 8), (5, 6), (6, 7), (7, 8)]
[(0, 1), (0, 2), (0, 3), (0, 4), (0, 5), (0, 6), (0, 7), (1, 2), (1, 7), (1, 8), (2, 3), (2, 8), (3, 4), (4, 5), (5, 6), (6, 7), (7, 8)]
[(0, 1), (0, 2), (0, 3), (0, 4), (0, 5), (0, 6), (0, 7), (1, 2), (1, 7), (1, 8), (2, 3), (3, 4), (3, 7), (4, 5), (5, 6), (6, 7), (7, 8)]
[(0, 1), (0, 2), (0, 3), (0, 4), (0, 5), (0, 6), (0, 7), (1, 2), (1, 7), (1, 8), (2, 3), (3, 4), (4, 5), (4, 7), (5, 6), (6, 7), (7, 8)]
[(0, 1), (0, 2), (0, 3), (0, 4), (0, 5), (0, 6), (0, 7), (1, 2), (1, 7), (2, 3), (3, 4), (3, 7), (3, 8), (4, 5), (5, 6), (6, 7), (7, 8)]
[(0, 1), (0, 2), (0, 3), (0, 4), (0, 5), (0, 6), (0, 7), (1, 2), (2, 3), (3, 4), (4, 5), (4, 8), (5, 6), (5, 8), (6, 7), (6, 8), (7, 8)]
[(0, 1), (0, 2), (0, 3), (0, 4), (0, 5), (0, 6), (1, 2), (1, 6), (1, 7), (1, 8), (2, 3), (2, 8), (3, 4), (4, 5), (5, 6), (6, 7), (7, 8)]
[(0, 1), (0, 2), (0, 3), (0, 4), (0, 5), (0, 6), (1, 2), (1, 6), (1, 7), (1, 8), (2, 3), (3, 4), (3, 6), (4, 5), (5, 6), (6, 7), (7, 8)]
[(0, 1), (0, 2), (0, 3), (0, 4), (0, 5), (0, 6), (1, 2), (1, 6), (1, 7), (1, 8), (2, 3), (3, 4), (4, 5), (5, 6), (5, 7), (6, 7), (7, 8)]
[(0, 1), (0, 2), (0, 3), (0, 4), (0, 5), (0, 6), (1, 2), (1, 6), (1, 7), (2, 3), (2, 7), (3, 4), (3, 6), (4, 5), (5, 6), (6, 7), (7, 8)]
[(0, 1), (0, 2), (0, 3), (0, 4), (0, 5), (0, 6), (1, 2), (1, 6), (1, 7), (2, 3), (2, 7), (3, 4), (3, 7), (4, 5), (5, 6), (6, 7), (7, 8)]
[(0, 1), (0, 2), (0, 3), (0, 4), (0, 5), (0, 6), (1, 2), (1, 6), (1, 7), (2, 3), (3, 4), (3, 6), (4, 5), (5, 6), (6, 7), (6, 8), (7, 8)]
[(0, 1), (0, 2), (0, 3), (0, 4), (0, 5), (0, 6), (1, 2), (1, 6), (2, 3), (3, 4), (3, 6), (3, 7), (3, 8), (4, 5), (5, 6), (6, 7), (7, 8)]
[(0, 1), (0, 2), (0, 3), (0, 4), (0, 5), (0, 6), (1, 2), (2, 3), (2, 7), (3, 4), (3, 7), (4, 5), (4, 7), (5, 6), (5, 7), (6, 7), (7, 8)]
[(0, 1), (0, 2), (0, 3), (0, 4), (0, 5), (0, 6), (1, 2), (2, 3), (3, 4), (3, 7), (3, 8), (4, 5), (4, 7), (5, 6), (5, 7), (6, 7), (7, 8)]
[(0, 1), (0, 2), (0, 3), (0, 4), (0, 5), (0, 6), (1, 2), (2, 3), (3, 4), (3, 7), (4, 5), (4, 7), (5, 6), (5, 7), (6, 7), (6, 8), (7, 8)]
[(0, 1), (0, 2), (0, 3), (0, 4), (0, 5), (0, 6), (1, 2), (2, 3), (3, 4), (3, 8), (4, 5), (4, 7), (4, 8), (5, 6), (5, 7), (6, 7), (7, 8)]
[(0, 1), (0, 2), (0, 3), (0, 4), (0, 5), (0, 6), (1, 2), (2, 3), (3, 4), (4, 5), (4, 7), (4, 8), (5, 6), (5, 7), (6, 7), (6, 8), (7, 8)]
[(0, 1), (0, 2), (0, 3), (0, 4), (0, 5), (0, 6), (1, 2), (2, 3), (3, 4), (3, 8), (4, 5), (4, 8), (5, 6), (5, 7), (5, 8), (6, 7), (7, 8)]
[(0, 1), (0, 2), (0, 3), (0, 4), (0, 5), (1, 2), (1, 5), (1, 6), (1, 7), (2, 3), (2, 7), (2, 8), (3, 4), (4, 5), (5, 6), (6, 7), (7, 8)]
[(0, 1), (0, 2), (0, 3), (0, 4), (0, 5), (1, 2), (1, 5), (1, 6), (1, 7), (2, 3), (2, 7), (3, 4), (3, 7), (4, 5), (5, 6), (6, 7), (7, 8)]
[(0, 1), (0, 2), (0, 3), (0, 4), (0, 5), (1, 2), (1, 5), (1, 6), (1, 7), (2, 3), (2, 7), (3, 4), (4, 5), (4, 6), (5, 6), (6, 7), (7, 8)]
[(0, 1), (0, 2), (0, 3), (0, 4), (0, 5), (1, 2), (1, 5), (1, 6), (1, 7), (2, 3), (2, 7), (3, 4), (4, 5), (5, 6), (6, 7), (6, 8), (7, 8)]
[(0, 1), (0, 2), (0, 3), (0, 4), (0, 5), (1, 2), (1, 5), (1, 6), (1, 7), (2, 3), (3, 4), (3, 6), (4, 5), (4, 6), (5, 6), (6, 7), (7, 8)]
[(0, 1), (0, 2), (0, 3), (0, 4), (0, 5), (1, 2), (1, 5), (1, 6), (1, 7), (2, 3), (3, 4), (4, 5), (4, 6), (4, 7), (5, 6), (6, 7), (7, 8)]
[(0, 1), (0, 2), (0, 3), (0, 4), (0, 5), (1, 2), (1, 5), (1, 6), (1, 7), (2, 3), (3, 4), (4, 5), (4, 6), (5, 6), (6, 7), (6, 8), (7, 8)]
[(0, 1), (0, 2), (0, 3), (0, 4), (0, 5), (1, 2), (1, 5), (1, 6), (1, 7), (2, 3), (3, 4), (4, 5), (5, 6), (5, 8), (6, 7), (6, 8), (7, 8)]
[(0, 1), (0, 2), (0, 3), (0, 4), (0, 5), (1, 2), (1, 5), (1, 6), (2, 3), (2, 6), (3, 4), (3, 6), (4, 5), (5, 6), (6, 7), (6, 8), (7, 8)]
[(0, 1), (0, 2), (0, 3), (0, 4), (0, 5), (1, 2), (1, 5), (1, 7), (2, 3), (2, 7), (2, 8), (3, 4), (4, 5), (5, 6), (5, 7), (6, 7), (7, 8)]
[(0, 1), (0, 2), (0, 3), (0, 4), (0, 5), (1, 2), (1, 5), (1, 7), (2, 3), (2, 7), (3, 4), (3, 7), (4, 5), (5, 6), (5, 7), (6, 7), (7, 8)]
[(0, 1), (0, 2), (0, 3), (0, 4), (0, 5), (1, 2), (1, 6), (1, 7), (2, 3), (2, 6), (3, 4), (3, 6), (4, 5), (4, 6), (5, 6), (6, 7), (7, 8)]
[(0, 1), (0, 2), (0, 3), (0, 4), (0, 5), (1, 2), (1, 6), (2, 3), (2, 6), (3, 4), (3, 6), (4, 5), (4, 6), (5, 6), (6, 7), (6, 8), (7, 8)]
[(0, 1), (0, 2), (0, 3), (0, 4), (0, 5), (1, 2), (1, 7), (2, 3), (2, 6), (2, 7), (3, 4), (3, 6), (4, 5), (4, 6), (5, 6), (6, 7), (7, 8)]
[(0, 1), (0, 2), (0, 3), (0, 4), (0, 5), (1, 2), (2, 3), (2, 6), (2, 7), (2, 8), (3, 4), (3, 6), (4, 5), (4, 6), (5, 6), (6, 7), (7, 8)]
[(0, 1), (0, 2), (0, 3), (0, 4), (0, 5), (1, 2), (2, 3), (2, 6), (2, 7), (3, 4), (3, 6), (4, 5), (4, 6), (5, 6), (5, 7), (6, 7), (7, 8)]
[(0, 1), (0, 2), (0, 3), (0, 4), (0, 5), (0, 7), (1, 2), (2, 3), (2, 6), (3, 4), (3, 6), (4, 5), (4, 6), (5, 6), (5, 7), (6, 7), (7, 8)]
[(0, 1), (0, 2), (0, 3), (0, 4), (0, 5), (1, 2), (2, 3), (2, 6), (3, 4), (3, 6), (4, 5), (4, 6), (5, 6), (5, 7), (5, 8), (6, 7), (7, 8)]
[(0, 1), (0, 2), (0, 3), (0, 4), (0, 5), (1, 2), (1, 7), (2, 3), (2, 7), (3, 4), (3, 6), (3, 7), (4, 5), (4, 6), (5, 6), (6, 7), (7, 8)]
[(0, 1), (0, 2), (0, 3), (0, 4), (0, 5), (1, 2), (2, 3), (2, 7), (2, 8), (3, 4), (3, 6), (3, 7), (4, 5), (4, 6), (5, 6), (6, 7), (7, 8)]
[(0, 1), (0, 2), (0, 3), (0, 4), (0, 5), (1, 2), (2, 3), (2, 7), (3, 4), (3, 6), (3, 7), (4, 5), (4, 6), (5, 6), (5, 7), (6, 7), (7, 8)]
[(0, 1), (0, 2), (0, 3), (0, 4), (0, 5), (1, 2), (2, 3), (2, 7), (3, 4), (3, 6), (3, 7), (4, 5), (4, 6), (5, 6), (6, 7), (6, 8), (7, 8)]
[(0, 1), (0, 2), (0, 3), (0, 4), (0, 5), (1, 2), (2, 3), (2, 8), (3, 4), (3, 6), (3, 7), (3, 8), (4, 5), (4, 6), (5, 6), (6, 7), (7, 8)]
[(0, 1), (0, 2), (0, 3), (0, 4), (0, 5), (1, 2), (2, 3), (3, 4), (3, 6), (3, 7), (3, 8), (4, 5), (4, 6), (5, 6), (5, 7), (6, 7), (7, 8)]
[(0, 1), (0, 2), (0, 3), (0, 4), (0, 5), (0, 7), (0, 8), (1, 2), (2, 3), (3, 4), (3, 6), (4, 5), (4, 6), (5, 6), (5, 7), (6, 7), (7, 8)]
[(0, 1), (0, 2), (0, 3), (0, 4), (0, 5), (0, 7), (1, 2), (1, 7), (2, 3), (3, 4), (3, 6), (4, 5), (4, 6), (5, 6), (5, 7), (6, 7), (7, 8)]
[(0, 1), (0, 2), (0, 3), (0, 4), (0, 5), (1, 2), (1, 7), (2, 3), (2, 7), (3, 4), (3, 7), (4, 5), (4, 6), (4, 7), (5, 6), (6, 7), (7, 8)]
[(0, 1), (0, 2), (0, 3), (0, 4), (0, 5), (1, 2), (2, 3), (2, 7), (3, 4), (3, 7), (4, 5), (4, 6), (4, 7), (5, 6), (6, 7), (6, 8), (7, 8)]
[(0, 1), (0, 2), (0, 3), (0, 4), (0, 5), (1, 2), (2, 3), (3, 4), (3, 7), (3, 8), (4, 5), (4, 6), (4, 7), (5, 6), (6, 7), (6, 8), (7, 8)]
[(0, 1), (0, 2), (0, 3), (0, 4), (0, 5), (1, 2), (2, 3), (3, 4), (3, 7), (4, 5), (4, 6), (4, 7), (5, 6), (5, 8), (6, 7), (6, 8), (7, 8)]
[(0, 1), (0, 2), (0, 3), (0, 4), (0, 5), (0, 7), (1, 2), (1, 7), (2, 3), (3, 4), (3, 7), (4, 5), (4, 6), (5, 6), (5, 7), (6, 7), (7, 8)]
[(0, 1), (0, 2), (0, 3), (0, 4), (0, 5), (0, 7), (1, 2), (1, 7), (1, 8), (2, 3), (3, 4), (3, 7), (4, 5), (5, 6), (5, 7), (6, 7), (7, 8)]
[(0, 1), (0, 2), (0, 3), (0, 4), (0, 5), (0, 7), (1, 2), (1, 7), (2, 3), (3, 4), (3, 7), (3, 8), (4, 5), (5, 6), (5, 7), (6, 7), (7, 8)]
[(0, 1), (0, 2), (0, 3), (0, 4), (0, 5), (1, 2), (1, 7), (2, 3), (2, 7), (3, 4), (3, 7), (4, 5), (4, 7), (5, 6), (5, 7), (6, 7), (7, 8)]
[(0, 1), (0, 2), (0, 3), (0, 4), (0, 5), (1, 2), (2, 3), (2, 7), (2, 8), (3, 4), (3, 7), (4, 5), (4, 7), (5, 6), (5, 7), (6, 7), (7, 8)]
[(0, 1), (0, 2), (0, 3), (0, 4), (0, 5), (1, 2), (2, 3), (2, 8), (3, 4), (3, 8), (4, 5), (4, 7), (4, 8), (5, 6), (5, 7), (6, 7), (7, 8)]
[(0, 1), (0, 2), (0, 3), (0, 4), (1, 2), (1, 4), (1, 5), (1, 6), (1, 7), (2, 3), (2, 7), (3, 4), (3, 5), (4, 5), (5, 6), (6, 7), (7, 8)]
[(0, 1), (0, 2), (0, 3), (0, 4), (1, 2), (1, 4), (1, 5), (1, 6), (1, 7), (2, 3), (2, 7), (3, 4), (4, 5), (5, 6), (6, 7), (6, 8), (7, 8)]
[(0, 1), (0, 2), (0, 3), (0, 4), (1, 2), (1, 4), (1, 5), (1, 6), (1, 7), (2, 3), (3, 4), (3, 5), (4, 5), (5, 6), (6, 7), (6, 8), (7, 8)]
[(0, 1), (0, 2), (0, 3), (0, 4), (1, 2), (1, 4), (1, 5), (1, 6), (1, 7), (2, 3), (3, 4), (4, 5), (5, 6), (5, 8), (6, 7), (6, 8), (7, 8)]
[(0, 1), (0, 2), (0, 3), (0, 4), (1, 2), (1, 4), (1, 5), (1, 6), (2, 3), (2, 6), (2, 7), (3, 4), (3, 5), (4, 5), (5, 6), (6, 7), (7, 8)]
[(0, 1), (0, 2), (0, 3), (0, 4), (1, 2), (1, 4), (1, 5), (1, 6), (2, 3), (2, 6), (2, 7), (3, 4), (4, 5), (5, 6), (5, 7), (6, 7), (7, 8)]
[(0, 1), (0, 2), (0, 3), (0, 4), (1, 2), (1, 4), (1, 5), (1, 6), (2, 3), (2, 6), (3, 4), (3, 5), (4, 5), (5, 6), (6, 7), (6, 8), (7, 8)]
[(0, 1), (0, 2), (0, 3), (0, 4), (1, 2), (1, 4), (1, 5), (1, 6), (2, 3), (2, 6), (3, 4), (3, 6), (4, 5), (5, 6), (6, 7), (6, 8), (7, 8)]
[(0, 1), (0, 2), (0, 3), (0, 4), (1, 2), (1, 4), (1, 5), (1, 6), (2, 3), (3, 4), (3, 5), (3, 6), (4, 5), (5, 6), (6, 7), (6, 8), (7, 8)]
[(0, 1), (0, 2), (0, 3), (0, 4), (1, 2), (1, 4), (1, 5), (1, 6), (2, 3), (3, 4), (3, 5), (4, 5), (5, 6), (5, 7), (6, 7), (6, 8), (7, 8)]
[(0, 1), (0, 2), (0, 3), (0, 4), (1, 2), (1, 4), (1, 5), (1, 6), (2, 3), (3, 4), (4, 5), (4, 7), (4, 8), (5, 6), (5, 7), (6, 7), (7, 8)]
[(0, 1), (0, 2), (0, 3), (0, 4), (1, 2), (1, 4), (1, 5), (1, 6), (2, 3), (3, 4), (4, 5), (4, 7), (5, 6), (5, 7), (6, 7), (6, 8), (7, 8)]
[(0, 1), (0, 2), (0, 3), (0, 4), (1, 2), (1, 4), (1, 5), (2, 3), (2, 5), (2, 7), (2, 8), (3, 4), (4, 5), (5, 6), (5, 7), (6, 7), (7, 8)]
[(0, 1), (0, 2), (0, 3), (0, 4), (1, 2), (1, 4), (1, 5), (2, 3), (2, 5), (2, 7), (3, 4), (3, 7), (4, 5), (5, 6), (5, 7), (6, 7), (7, 8)]
[(0, 1), (0, 2), (0, 3), (0, 4), (1, 2), (1, 4), (1, 5), (1, 7), (2, 3), (2, 7), (3, 4), (3, 7), (4, 5), (5, 6), (5, 7), (6, 7), (7, 8)]
[(0, 1), (0, 2), (0, 3), (0, 4), (0, 7), (1, 2), (1, 5), (1, 7), (2, 3), (2, 5), (3, 4), (3, 5), (4, 5), (5, 6), (5, 7), (6, 7), (7, 8)]
[(0, 1), (0, 2), (0, 3), (0, 4), (0, 7), (1, 2), (2, 3), (2, 5), (2, 6), (3, 4), (3, 5), (4, 5), (4, 7), (5, 6), (5, 7), (6, 7), (7, 8)]
[(0, 1), (0, 2), (0, 3), (0, 4), (0, 7), (0, 8), (1, 2), (2, 3), (2, 5), (3, 4), (3, 5), (4, 5), (4, 6), (4, 7), (5, 6), (6, 7), (7, 8)]
[(0, 1), (0, 2), (0, 3), (0, 4), (0, 7), (1, 2), (1, 7), (2, 3), (2, 5), (3, 4), (3, 5), (4, 5), (4, 6), (4, 7), (5, 6), (6, 7), (7, 8)]
[(0, 1), (0, 2), (0, 3), (0, 4), (0, 7), (1, 2), (1, 7), (2, 3), (2, 5), (3, 4), (3, 5), (4, 5), (4, 7), (5, 6), (5, 7), (6, 7), (7, 8)]
[(0, 1), (0, 2), (0, 3), (0, 4), (1, 2), (2, 3), (2, 6), (2, 7), (3, 4), (3, 5), (3, 6), (4, 5), (4, 7), (5, 6), (5, 7), (6, 7), (7, 8)]
[(0, 1), (0, 2), (0, 3), (0, 4), (1, 2), (1, 7), (2, 3), (2, 7), (3, 4), (3, 5), (3, 7), (4, 5), (4, 6), (5, 6), (5, 7), (6, 7), (7, 8)]
[(0, 1), (0, 2), (0, 3), (0, 5), (0, 6), (0, 7), (1, 2), (1, 7), (1, 8), (2, 3), (3, 4), (3, 5), (3, 7), (4, 5), (5, 6), (6, 7), (7, 8)]
[(0, 1), (0, 2), (0, 3), (0, 5), (0, 6), (0, 7), (1, 2), (1, 7), (2, 3), (3, 4), (3, 5), (3, 7), (4, 5), (4, 6), (5, 6), (6, 7), (7, 8)]
[(0, 1), (0, 2), (0, 3), (0, 5), (0, 6), (0, 7), (1, 2), (1, 7), (2, 3), (3, 4), (3, 5), (3, 7), (4, 5), (5, 6), (6, 7), (6, 8), (7, 8)]
[(0, 1), (0, 3), (1, 2), (1, 3), (1, 7), (1, 8), (2, 3), (2, 4), (2, 5), (2, 6), (2, 7), (3, 4), (4, 5), (4, 7), (5, 6), (6, 7), (7, 8)]
[(0, 1), (0, 3), (1, 2), (1, 3), (1, 7), (2, 3), (2, 4), (2, 5), (2, 6), (2, 7), (3, 4), (4, 5), (4, 7), (4, 8), (5, 6), (6, 7), (7, 8)]
[(0, 1), (0, 3), (1, 2), (1, 3), (1, 7), (2, 3), (2, 4), (2, 5), (2, 6), (2, 7), (3, 4), (4, 5), (4, 7), (5, 6), (6, 7), (6, 8), (7, 8)]
[(0, 1), (1, 2), (1, 3), (1, 7), (2, 3), (2, 4), (2, 5), (2, 6), (2, 7), (3, 4), (4, 5), (4, 7), (5, 6), (5, 8), (6, 7), (6, 8), (7, 8)]
[(0, 1), (0, 2), (0, 5), (1, 2), (1, 4), (1, 5), (2, 3), (2, 4), (3, 4), (3, 7), (3, 5), (4, 5), (4, 6), (4, 7), (5, 6), (6, 7), (7, 8)]
[(0, 1), (0, 2), (1, 2), (1, 4), (1, 5), (2, 3), (2, 4), (3, 4), (3, 7), (3, 5), (4, 5), (4, 6), (4, 7), (5, 6), (6, 7), (6, 8), (7, 8)]
Rectangular Dual Graphs for n = 17:  87
[(0, 1), (0, 2), (0, 3), (0, 4), (0, 5), (0, 6), (0, 7), (0, 8), (1, 2), (1, 8), (2, 3), (3, 4), (3, 8), (4, 5), (5, 6), (5, 8), (6, 7), (7, 8)]
[(0, 1), (0, 2), (0, 3), (0, 4), (0, 5), (0, 6), (0, 7), (1, 2), (1, 7), (1, 8), (2, 3), (2, 8), (3, 4), (3, 7), (4, 5), (5, 6), (6, 7), (7, 8)]
[(0, 1), (0, 2), (0, 3), (0, 4), (0, 5), (0, 6), (0, 7), (1, 2), (1, 7), (1, 8), (2, 3), (2, 8), (3, 4), (3, 8), (4, 5), (5, 6), (6, 7), (7, 8)]
[(0, 1), (0, 2), (0, 3), (0, 4), (0, 5), (0, 6), (0, 7), (1, 2), (1, 7), (1, 8), (2, 3), (2, 8), (3, 4), (4, 5), (4, 7), (5, 6), (6, 7), (7, 8)]
[(0, 1), (0, 2), (0, 3), (0, 4), (0, 5), (0, 6), (0, 7), (1, 2), (2, 3), (3, 4), (3, 8), (4, 5), (4, 8), (5, 6), (5, 8), (6, 7), (6, 8), (7, 8)]
[(0, 1), (0, 2), (0, 3), (0, 4), (0, 5), (0, 6), (1, 2), (1, 6), (1, 7), (1, 8), (2, 3), (2, 8), (3, 4), (3, 6), (4, 5), (5, 6), (6, 7), (7, 8)]
[(0, 1), (0, 2), (0, 3), (0, 4), (0, 5), (0, 6), (1, 2), (1, 6), (1, 7), (1, 8), (2, 3), (2, 8), (3, 4), (3, 8), (4, 5), (5, 6), (6, 7), (7, 8)]
[(0, 1), (0, 2), (0, 3), (0, 4), (0, 5), (0, 6), (1, 2), (1, 6), (1, 7), (1, 8), (2, 3), (3, 4), (4, 5), (4, 7), (5, 6), (5, 7), (6, 7), (7, 8)]
[(0, 1), (0, 2), (0, 3), (0, 4), (0, 5), (0, 6), (1, 2), (1, 6), (1, 7), (1, 8), (2, 3), (3, 4), (4, 5), (5, 6), (5, 7), (5, 8), (6, 7), (7, 8)]
[(0, 1), (0, 2), (0, 3), (0, 4), (0, 5), (0, 6), (1, 2), (1, 6), (1, 7), (2, 3), (2, 7), (2, 8), (3, 4), (3, 6), (4, 5), (5, 6), (6, 7), (7, 8)]
[(0, 1), (0, 2), (0, 3), (0, 4), (0, 5), (0, 6), (1, 2), (1, 6), (1, 7), (2, 3), (2, 7), (3, 4), (3, 6), (4, 5), (5, 6), (6, 7), (6, 8), (7, 8)]
[(0, 1), (0, 2), (0, 3), (0, 4), (0, 5), (0, 6), (1, 2), (1, 6), (1, 7), (2, 3), (2, 7), (3, 4), (3, 7), (4, 5), (4, 7), (5, 6), (6, 7), (7, 8)]
[(0, 1), (0, 2), (0, 3), (0, 4), (0, 5), (0, 6), (1, 2), (1, 7), (2, 3), (2, 7), (3, 4), (3, 7), (4, 5), (4, 7), (5, 6), (5, 7), (6, 7), (7, 8)]
[(0, 1), (0, 2), (0, 3), (0, 4), (0, 5), (0, 6), (1, 2), (2, 3), (2, 7), (2, 8), (3, 4), (3, 7), (4, 5), (4, 7), (5, 6), (5, 7), (6, 7), (7, 8)]
[(0, 1), (0, 2), (0, 3), (0, 4), (0, 5), (0, 6), (1, 2), (2, 3), (2, 7), (3, 4), (3, 7), (4, 5), (4, 7), (5, 6), (5, 7), (6, 7), (6, 8), (7, 8)]
[(0, 1), (0, 2), (0, 3), (0, 4), (0, 5), (0, 6), (1, 2), (2, 3), (2, 8), (3, 4), (3, 7), (3, 8), (4, 5), (4, 7), (5, 6), (5, 7), (6, 7), (7, 8)]
[(0, 1), (0, 2), (0, 3), (0, 4), (0, 5), (0, 6), (1, 2), (2, 3), (3, 4), (3, 7), (3, 8), (4, 5), (4, 7), (5, 6), (5, 7), (6, 7), (6, 8), (7, 8)]
[(0, 1), (0, 2), (0, 3), (0, 4), (0, 5), (0, 6), (1, 2), (2, 3), (2, 8), (3, 4), (3, 8), (4, 5), (4, 7), (4, 8), (5, 6), (5, 7), (6, 7), (7, 8)]
[(0, 1), (0, 2), (0, 3), (0, 4), (0, 5), (0, 6), (1, 2), (2, 3), (3, 4), (3, 8), (4, 5), (4, 7), (4, 8), (5, 6), (5, 7), (6, 7), (6, 8), (7, 8)]
[(0, 1), (0, 2), (0, 3), (0, 4), (0, 5), (0, 6), (1, 2), (2, 3), (2, 8), (3, 4), (3, 8), (4, 5), (4, 8), (5, 6), (5, 7), (5, 8), (6, 7), (7, 8)]
[(0, 1), (0, 2), (0, 3), (0, 4), (0, 5), (0, 6), (1, 2), (2, 3), (3, 4), (3, 8), (3, 7), (4, 5), (4, 8), (5, 6), (5, 7), (5, 8), (6, 7), (7, 8)]
[(0, 1), (0, 2), (0, 3), (0, 4), (0, 5), (1, 2), (1, 5), (1, 6), (1, 7), (2, 3), (2, 7), (2, 8), (3, 4), (3, 8), (4, 5), (5, 6), (6, 7), (7, 8)]
[(0, 1), (0, 2), (0, 3), (0, 4), (0, 5), (1, 2), (1, 5), (1, 6), (1, 7), (2, 3), (2, 7), (2, 8), (3, 4), (4, 5), (4, 6), (5, 6), (6, 7), (7, 8)]
[(0, 1), (0, 2), (0, 3), (0, 4), (0, 5), (1, 2), (1, 5), (1, 6), (1, 7), (2, 3), (2, 7), (2, 8), (3, 4), (4, 5), (5, 6), (6, 7), (6, 8), (7, 8)]
[(0, 1), (0, 2), (0, 3), (0, 4), (0, 5), (1, 2), (1, 5), (1, 6), (1, 7), (2, 3), (2, 7), (3, 4), (3, 7), (3, 8), (4, 5), (5, 6), (6, 7), (7, 8)]
[(0, 1), (0, 2), (0, 3), (0, 4), (0, 5), (1, 2), (1, 5), (1, 6), (1, 7), (2, 3), (2, 7), (3, 4), (3, 7), (4, 5), (4, 6), (5, 6), (6, 7), (7, 8)]
[(0, 1), (0, 2), (0, 3), (0, 4), (0, 5), (1, 2), (1, 5), (1, 6), (1, 7), (2, 3), (2, 7), (3, 4), (3, 7), (4, 5), (4, 7), (5, 6), (6, 7), (7, 8)]
[(0, 1), (0, 2), (0, 3), (0, 4), (0, 5), (1, 2), (1, 5), (1, 6), (1, 7), (2, 3), (2, 7), (3, 4), (3, 7), (4, 5), (5, 6), (6, 7), (6, 8), (7, 8)]
[(0, 1), (0, 2), (0, 3), (0, 4), (0, 5), (1, 2), (1, 5), (1, 6), (1, 7), (2, 3), (2, 7), (3, 4), (3, 6), (4, 5), (4, 6), (5, 6), (6, 7), (7, 8)]
[(0, 1), (0, 2), (0, 3), (0, 4), (0, 5), (1, 2), (1, 5), (1, 6), (1, 7), (2, 3), (2, 7), (3, 4), (4, 5), (4, 6), (4, 7), (5, 6), (6, 7), (7, 8)]
[(0, 1), (0, 2), (0, 3), (0, 4), (0, 5), (1, 2), (1, 5), (1, 6), (1, 7), (2, 3), (3, 4), (3, 6), (3, 7), (4, 5), (4, 6), (5, 6), (6, 7), (7, 8)]
[(0, 1), (0, 2), (0, 3), (0, 4), (0, 5), (1, 2), (1, 5), (1, 6), (1, 7), (2, 3), (3, 4), (4, 5), (4, 6), (4, 8), (5, 6), (6, 7), (6, 8), (7, 8)]
[(0, 1), (0, 2), (0, 3), (0, 4), (0, 5), (1, 2), (1, 5), (1, 7), (2, 3), (2, 7), (3, 4), (3, 7), (3, 8), (4, 5), (5, 6), (5, 7), (6, 7), (7, 8)]
[(0, 1), (0, 2), (0, 3), (0, 4), (0, 5), (0, 7), (1, 2), (1, 6), (1, 7), (2, 3), (2, 6), (3, 4), (3, 6), (4, 5), (4, 6), (5, 6), (6, 7), (7, 8)]
[(0, 1), (0, 2), (0, 3), (0, 4), (0, 5), (1, 2), (1, 6), (1, 7), (1, 8), (2, 3), (2, 6), (3, 4), (3, 6), (4, 5), (4, 6), (5, 6), (6, 7), (7, 8)]
[(0, 1), (0, 2), (0, 3), (0, 4), (0, 5), (1, 2), (1, 6), (1, 7), (2, 3), (2, 6), (3, 4), (3, 6), (4, 5), (4, 6), (5, 6), (5, 7), (6, 7), (7, 8)]
[(0, 1), (0, 2), (0, 3), (0, 4), (0, 5), (1, 2), (1, 7), (1, 8), (2, 3), (2, 6), (2, 7), (3, 4), (3, 6), (4, 5), (4, 6), (5, 6), (6, 7), (7, 8)]
[(0, 1), (0, 2), (0, 3), (0, 4), (0, 5), (1, 2), (1, 7), (2, 3), (2, 6), (2, 7), (3, 4), (3, 6), (4, 5), (4, 6), (5, 6), (5, 7), (6, 7), (7, 8)]
[(0, 1), (0, 2), (0, 3), (0, 4), (0, 5), (1, 2), (2, 3), (2, 6), (2, 7), (2, 8), (3, 4), (3, 6), (4, 5), (4, 6), (5, 6), (5, 7), (6, 7), (7, 8)]
[(0, 1), (0, 2), (0, 3), (0, 4), (0, 5), (1, 2), (2, 3), (2, 6), (2, 7), (3, 4), (3, 6), (4, 5), (4, 6), (5, 6), (5, 7), (5, 8), (6, 7), (7, 8)]
[(0, 1), (0, 2), (0, 3), (0, 4), (0, 5), (0, 7), (0, 8), (1, 2), (2, 3), (2, 6), (3, 4), (3, 6), (4, 5), (4, 6), (5, 6), (5, 7), (6, 7), (7, 8)]
[(0, 1), (0, 2), (0, 3), (0, 4), (0, 5), (0, 7), (1, 2), (1, 7), (2, 3), (2, 6), (3, 4), (3, 6), (4, 5), (4, 6), (5, 6), (5, 7), (6, 7), (7, 8)]
[(0, 1), (0, 2), (0, 3), (0, 4), (0, 5), (1, 2), (1, 7), (1, 8), (2, 3), (2, 7), (3, 4), (3, 6), (3, 7), (4, 5), (4, 6), (5, 6), (6, 7), (7, 8)]
[(0, 1), (0, 2), (0, 3), (0, 4), (0, 5), (1, 2), (1, 7), (2, 3), (2, 7), (3, 4), (3, 6), (3, 7), (4, 5), (4, 6), (5, 6), (5, 7), (6, 7), (7, 8)]
[(0, 1), (0, 2), (0, 3), (0, 4), (0, 5), (1, 2), (1, 7), (2, 3), (2, 7), (3, 4), (3, 6), (3, 7), (4, 5), (4, 6), (5, 6), (6, 7), (6, 8), (7, 8)]
[(0, 1), (0, 2), (0, 3), (0, 4), (0, 5), (1, 2), (2, 3), (2, 7), (2, 8), (3, 4), (3, 6), (3, 7), (4, 5), (4, 6), (5, 6), (5, 7), (6, 7), (7, 8)]
[(0, 1), (0, 2), (0, 3), (0, 4), (0, 5), (1, 2), (1, 8), (2, 3), (2, 8), (3, 4), (3, 6), (3, 7), (3, 8), (4, 5), (4, 6), (5, 6), (6, 7), (7, 8)]
[(0, 1), (0, 2), (0, 3), (0, 4), (0, 5), (1, 2), (2, 3), (2, 8), (3, 4), (3, 6), (3, 7), (3, 8), (4, 5), (4, 6), (5, 6), (5, 7), (6, 7), (7, 8)]
[(0, 1), (0, 2), (0, 3), (0, 4), (0, 5), (1, 2), (2, 3), (3, 4), (3, 7), (3, 8), (4, 5), (4, 6), (4, 7), (5, 6), (5, 8), (6, 7), (6, 8), (7, 8)]
[(0, 1), (0, 2), (0, 3), (0, 4), (0, 5), (0, 7), (1, 2), (1, 7), (1, 8), (2, 3), (3, 4), (3, 7), (4, 5), (4, 6), (5, 6), (5, 7), (6, 7), (7, 8)]
[(0, 1), (0, 2), (0, 3), (0, 4), (0, 5), (0, 7), (1, 2), (1, 7), (2, 3), (3, 4), (3, 7), (3, 8), (4, 5), (4, 6), (5, 6), (5, 7), (6, 7), (7, 8)]
[(0, 1), (0, 2), (0, 3), (0, 4), (1, 2), (1, 4), (1, 5), (1, 6), (1, 7), (2, 3), (2, 7), (3, 4), (3, 5), (4, 5), (5, 6), (6, 7), (6, 8), (7, 8)]
[(0, 1), (0, 2), (0, 3), (0, 4), (1, 2), (1, 4), (1, 5), (1, 6), (1, 7), (2, 3), (2, 7), (3, 4), (4, 5), (5, 6), (5, 8), (6, 7), (6, 8), (7, 8)]
[(0, 1), (0, 2), (0, 3), (0, 4), (1, 2), (1, 4), (1, 5), (1, 6), (1, 7), (2, 3), (3, 4), (3, 5), (4, 5), (5, 6), (5, 8), (6, 7), (6, 8), (7, 8)]
[(0, 1), (0, 2), (0, 3), (0, 4), (1, 2), (1, 4), (1, 5), (1, 6), (2, 3), (2, 6), (2, 7), (3, 4), (3, 5), (4, 5), (5, 6), (5, 7), (6, 7), (7, 8)]
[(0, 1), (0, 2), (0, 3), (0, 4), (1, 2), (1, 4), (1, 5), (1, 6), (2, 3), (2, 6), (2, 7), (3, 4), (4, 5), (4, 7), (5, 6), (5, 7), (6, 7), (7, 8)]
[(0, 1), (0, 2), (0, 3), (0, 4), (0, 7), (1, 2), (1, 7), (2, 3), (2, 5), (2, 6), (3, 4), (3, 5), (4, 5), (4, 7), (5, 6), (5, 7), (6, 7), (7, 8)]
[(0, 1), (0, 2), (0, 3), (0, 5), (0, 6), (0, 7), (1, 2), (1, 7), (1, 8), (2, 3), (2, 8), (3, 4), (3, 5), (3, 7), (4, 5), (5, 6), (6, 7), (7, 8)]
[(0, 1), (0, 2), (0, 3), (0, 5), (0, 6), (0, 7), (1, 2), (1, 7), (2, 3), (3, 4), (3, 5), (3, 7), (4, 5), (4, 6), (5, 6), (6, 7), (6, 8), (7, 8)]
[(0, 1), (0, 3), (1, 2), (1, 3), (1, 7), (2, 3), (2, 4), (2, 5), (2, 6), (2, 7), (3, 4), (4, 5), (4, 7), (5, 6), (5, 8), (6, 7), (6, 8), (7, 8)]
Rectangular Dual Graphs for n = 18:  60
[(0, 1), (0, 2), (0, 3), (0, 4), (0, 5), (0, 6), (0, 7), (1, 2), (1, 7), (1, 8), (2, 3), (2, 8), (3, 4), (3, 8), (4, 5), (4, 7), (5, 6), (6, 7), (7, 8)]
[(0, 1), (0, 2), (0, 3), (0, 4), (0, 5), (0, 6), (0, 7), (1, 2), (1, 7), (1, 8), (2, 3), (2, 8), (3, 4), (3, 8), (4, 5), (4, 8), (5, 6), (6, 7), (7, 8)]
[(0, 1), (0, 2), (0, 3), (0, 4), (0, 5), (0, 6), (0, 7), (1, 2), (2, 3), (2, 8), (3, 4), (3, 8), (4, 5), (4, 8), (5, 6), (5, 8), (6, 7), (6, 8), (7, 8)]
[(0, 1), (0, 2), (0, 3), (0, 4), (0, 5), (0, 6), (1, 2), (1, 6), (1, 7), (1, 8), (2, 3), (2, 8), (3, 4), (3, 6), (3, 8), (4, 5), (5, 6), (6, 7), (7, 8)]
[(0, 1), (0, 2), (0, 3), (0, 4), (0, 5), (0, 6), (1, 2), (1, 6), (1, 7), (1, 8), (2, 3), (2, 8), (3, 4), (3, 8), (3, 7), (4, 5), (5, 6), (6, 7), (7, 8)]
[(0, 1), (0, 2), (0, 3), (0, 4), (0, 5), (0, 6), (1, 2), (1, 6), (1, 7), (1, 8), (2, 3), (2, 8), (3, 4), (3, 8), (4, 5), (4, 8), (5, 6), (6, 7), (7, 8)]
[(0, 1), (0, 2), (0, 3), (0, 4), (0, 5), (0, 6), (1, 2), (1, 6), (1, 7), (1, 8), (2, 3), (2, 8), (3, 4), (3, 8), (4, 5), (5, 6), (5, 7), (6, 7), (7, 8)]
[(0, 1), (0, 2), (0, 3), (0, 4), (0, 5), (0, 6), (1, 2), (1, 6), (1, 7), (1, 8), (2, 3), (3, 4), (3, 7), (4, 5), (4, 7), (5, 6), (5, 7), (6, 7), (7, 8)]
[(0, 1), (0, 2), (0, 3), (0, 4), (0, 5), (0, 6), (1, 2), (1, 6), (1, 7), (1, 8), (2, 3), (3, 4), (4, 5), (4, 7), (4, 8), (5, 6), (5, 7), (6, 7), (7, 8)]
[(0, 1), (0, 2), (0, 3), (0, 4), (0, 5), (0, 6), (1, 2), (1, 6), (1, 7), (2, 3), (2, 7), (2, 8), (3, 4), (3, 6), (4, 5), (5, 6), (6, 7), (6, 8), (7, 8)]
[(0, 1), (0, 2), (0, 3), (0, 4), (0, 5), (0, 6), (1, 2), (1, 8), (2, 3), (2, 7), (2, 8), (3, 4), (3, 7), (4, 5), (4, 7), (5, 6), (5, 7), (6, 7), (7, 8)]
[(0, 1), (0, 2), (0, 3), (0, 4), (0, 5), (0, 6), (1, 2), (1, 8), (2, 3), (2, 8), (3, 4), (3, 7), (3, 8), (4, 5), (4, 7), (5, 6), (5, 7), (6, 7), (7, 8)]
[(0, 1), (0, 2), (0, 3), (0, 4), (0, 5), (0, 6), (1, 2), (2, 3), (2, 8), (3, 4), (3, 7), (3, 8), (4, 5), (4, 7), (5, 6), (5, 7), (6, 7), (6, 8), (7, 8)]
[(0, 1), (0, 2), (0, 3), (0, 4), (0, 5), (0, 6), (1, 2), (2, 3), (2, 8), (2, 7), (3, 4), (3, 8), (4, 5), (4, 7), (4, 8), (5, 6), (5, 7), (6, 7), (7, 8)]
[(0, 1), (0, 2), (0, 3), (0, 4), (0, 5), (0, 6), (1, 2), (2, 3), (2, 8), (3, 4), (3, 8), (4, 5), (4, 7), (4, 8), (5, 6), (5, 7), (6, 7), (6, 8), (7, 8)]
[(0, 1), (0, 2), (0, 3), (0, 4), (0, 5), (0, 6), (1, 2), (2, 3), (2, 8), (2, 7), (3, 4), (3, 8), (4, 5), (4, 8), (5, 6), (5, 7), (5, 8), (6, 7), (7, 8)]
[(0, 1), (0, 2), (0, 3), (0, 4), (0, 5), (0, 6), (1, 2), (2, 3), (2, 7), (3, 4), (3, 8), (3, 7), (4, 5), (4, 8), (5, 6), (5, 7), (5, 8), (6, 7), (7, 8)]
[(0, 1), (0, 2), (0, 3), (0, 4), (0, 5), (1, 2), (1, 5), (1, 6), (1, 7), (2, 3), (2, 7), (2, 8), (3, 4), (3, 8), (4, 5), (4, 6), (5, 6), (6, 7), (7, 8)]
[(0, 1), (0, 2), (0, 3), (0, 4), (0, 5), (1, 2), (1, 5), (1, 6), (1, 7), (2, 3), (2, 7), (2, 8), (3, 4), (3, 6), (4, 5), (4, 6), (5, 6), (6, 7), (7, 8)]
[(0, 1), (0, 2), (0, 3), (0, 4), (0, 5), (1, 2), (1, 5), (1, 6), (1, 7), (2, 3), (2, 7), (2, 8), (3, 4), (4, 5), (4, 6), (4, 7), (5, 6), (6, 7), (7, 8)]
[(0, 1), (0, 2), (0, 3), (0, 4), (0, 5), (1, 2), (1, 5), (1, 6), (1, 7), (2, 3), (2, 7), (2, 8), (3, 4), (4, 5), (4, 6), (5, 6), (6, 7), (6, 8), (7, 8)]
[(0, 1), (0, 2), (0, 3), (0, 4), (0, 5), (1, 2), (1, 5), (1, 6), (1, 7), (2, 3), (2, 7), (2, 8), (3, 4), (4, 5), (5, 6), (5, 8), (6, 7), (6, 8), (7, 8)]
[(0, 1), (0, 2), (0, 3), (0, 4), (0, 5), (1, 2), (1, 5), (1, 6), (1, 7), (2, 3), (2, 7), (3, 4), (3, 7), (3, 8), (4, 5), (4, 6), (5, 6), (6, 7), (7, 8)]
[(0, 1), (0, 2), (0, 3), (0, 4), (0, 5), (1, 2), (1, 5), (1, 6), (1, 7), (2, 3), (2, 7), (3, 4), (3, 7), (3, 8), (4, 5), (4, 8), (5, 6), (6, 7), (7, 8)]
[(0, 1), (0, 2), (0, 3), (0, 4), (0, 5), (1, 2), (1, 5), (1, 6), (1, 7), (2, 3), (2, 7), (3, 4), (3, 7), (4, 5), (4, 6), (5, 6), (6, 7), (6, 8), (7, 8)]
[(0, 1), (0, 2), (0, 3), (0, 4), (0, 5), (1, 2), (1, 6), (1, 7), (1, 8), (2, 3), (2, 6), (3, 4), (3, 6), (4, 5), (4, 6), (5, 6), (5, 7), (6, 7), (7, 8)]
[(0, 1), (0, 2), (0, 3), (0, 4), (0, 5), (1, 2), (1, 8), (1, 7), (2, 3), (2, 8), (3, 4), (3, 6), (3, 7), (3, 8), (4, 5), (4, 6), (5, 6), (6, 7), (7, 8)]
[(0, 1), (0, 2), (0, 3), (0, 4), (0, 5), (0, 7), (1, 2), (1, 7), (1, 8), (2, 3), (2, 8), (3, 4), (3, 7), (4, 5), (4, 6), (5, 6), (5, 7), (6, 7), (7, 8)]
[(0, 1), (0, 2), (0, 3), (0, 5), (0, 6), (0, 7), (1, 2), (1, 7), (1, 8), (2, 3), (2, 8), (3, 4), (3, 5), (3, 7), (4, 5), (4, 6), (5, 6), (6, 7), (7, 8)]
Rectangular Dual Graphs for n = 19:  29
[(0, 1), (0, 2), (0, 3), (0, 4), (0, 5), (0, 6), (0, 7), (1, 2), (1, 7), (1, 8), (2, 3), (2, 8), (3, 4), (3, 8), (4, 5), (4, 8), (5, 6), (5, 8), (6, 7), (7, 8)]
[(0, 1), (0, 2), (0, 3), (0, 4), (0, 5), (0, 6), (0, 7), (1, 2), (1, 8), (2, 3), (2, 8), (3, 4), (3, 8), (4, 5), (4, 8), (5, 6), (5, 8), (6, 7), (6, 8), (7, 8)]
[(0, 1), (0, 2), (0, 3), (0, 4), (0, 5), (0, 6), (1, 2), (1, 6), (1, 7), (1, 8), (2, 3), (2, 8), (3, 4), (3, 8), (3, 7), (4, 5), (4, 7), (5, 6), (6, 7), (7, 8)]
[(0, 1), (0, 2), (0, 3), (0, 4), (0, 5), (0, 6), (1, 2), (1, 6), (1, 7), (1, 8), (2, 3), (2, 8), (3, 4), (3, 8), (3, 7), (4, 5), (5, 6), (5, 7), (6, 7), (7, 8)]
[(0, 1), (0, 2), (0, 3), (0, 4), (0, 5), (0, 6), (1, 2), (1, 6), (1, 7), (1, 8), (2, 3), (2, 8), (3, 4), (3, 8), (4, 5), (4, 8), (4, 7), (5, 6), (6, 7), (7, 8)]
[(0, 1), (0, 2), (0, 3), (0, 4), (0, 5), (0, 6), (1, 2), (1, 6), (1, 7), (1, 8), (2, 3), (2, 8), (3, 4), (3, 8), (4, 5), (4, 8), (5, 6), (5, 7), (6, 7), (7, 8)]
[(0, 1), (0, 2), (0, 3), (0, 4), (0, 5), (0, 6), (1, 2), (1, 6), (1, 7), (1, 8), (2, 3), (2, 8), (3, 4), (3, 8), (4, 5), (4, 8), (5, 6), (5, 8), (6, 7), (7, 8)]
[(0, 1), (0, 2), (0, 3), (0, 4), (0, 5), (0, 6), (1, 2), (1, 6), (1, 7), (1, 8), (2, 3), (3, 4), (3, 7), (3, 8), (4, 5), (4, 7), (5, 6), (5, 7), (6, 7), (7, 8)]
[(0, 1), (0, 2), (0, 3), (0, 4), (0, 5), (0, 6), (1, 2), (1, 8), (1, 7), (2, 3), (2, 8), (3, 4), (3, 7), (3, 8), (4, 5), (4, 7), (5, 6), (5, 7), (6, 7), (7, 8)]
[(0, 1), (0, 2), (0, 3), (0, 4), (0, 5), (0, 6), (1, 2), (1, 8), (2, 3), (2, 8), (3, 4), (3, 7), (3, 8), (4, 5), (4, 7), (5, 6), (5, 7), (6, 7), (6, 8), (7, 8)]
[(0, 1), (0, 2), (0, 3), (0, 4), (0, 5), (0, 6), (1, 2), (1, 7), (2, 3), (2, 8), (2, 7), (3, 4), (3, 8), (4, 5), (4, 7), (4, 8), (5, 6), (5, 7), (6, 7), (7, 8)]
[(0, 1), (0, 2), (0, 3), (0, 4), (0, 5), (0, 6), (1, 2), (1, 7), (2, 3), (2, 8), (2, 7), (3, 4), (3, 8), (4, 5), (4, 8), (5, 6), (5, 7), (5, 8), (6, 7), (7, 8)]
[(0, 1), (0, 2), (0, 3), (0, 4), (0, 5), (1, 2), (1, 5), (1, 6), (1, 7), (2, 3), (2, 7), (2, 8), (3, 4), (3, 8), (3, 6), (4, 5), (4, 6), (5, 6), (6, 7), (7, 8)]
[(0, 1), (0, 2), (0, 3), (0, 4), (0, 5), (1, 2), (1, 5), (1, 6), (1, 7), (2, 3), (2, 7), (2, 8), (3, 4), (3, 8), (4, 5), (4, 6), (4, 8), (5, 6), (6, 7), (7, 8)]
[(0, 1), (0, 2), (0, 3), (0, 4), (0, 5), (1, 2), (1, 5), (1, 6), (1, 7), (2, 3), (2, 7), (2, 8), (3, 4), (4, 5), (4, 6), (4, 8), (5, 6), (6, 7), (6, 8), (7, 8)]
[(0, 1), (0, 2), (0, 3), (0, 4), (0, 5), (1, 2), (1, 5), (1, 6), (1, 7), (2, 3), (2, 7), (3, 4), (3, 7), (3, 8), (4, 5), (4, 8), (5, 6), (6, 7), (6, 8), (7, 8)]
[(0, 1), (0, 2), (0, 3), (0, 4), (0, 5), (1, 2), (1, 6), (1, 7), (1, 8), (2, 3), (2, 6), (3, 4), (3, 6), (4, 5), (4, 6), (5, 6), (5, 7), (5, 8), (6, 7), (7, 8)]
[(0, 1), (0, 2), (0, 3), (0, 4), (0, 5), (1, 2), (1, 8), (1, 7), (2, 3), (2, 8), (3, 4), (3, 6), (3, 7), (3, 8), (4, 5), (4, 6), (5, 6), (5, 7), (6, 7), (7, 8)]
Rectangular Dual Graphs for n = 20:  18
