[(0, 1), (1, 2), (2, 3), (3, 4), (4, 5)]------------------1
Inner Graphs for n = 5:  1
[(0, 1), (0, 2), (1, 2), (2, 3), (3, 4), (4, 5)]------------------1
Inner Graphs for n = 6:  1
[(0, 1), (0, 2), (0, 3), (1, 2), (2, 3), (3, 4), (4, 5)]------------------2
[(0, 1), (0, 2), (1, 2), (2, 3), (3, 4), (3, 5), (4, 5)]------------------1
[(0, 1), (0, 3), (1, 2), (1, 3), (2, 3), (3, 4), (4, 5)]------------------1
[(0, 1), (1, 2), (1, 3), (2, 3), (2, 4), (3, 4), (4, 5)]------------------1
Inner Graphs for n = 7:  4
[(0, 1), (0, 2), (0, 3), (0, 4), (1, 2), (2, 3), (3, 4), (4, 5)]------------------4
[(0, 1), (0, 2), (0, 3), (1, 2), (2, 3), (3, 4), (3, 5), (4, 5)]------------------3
[(0, 1), (0, 2), (0, 4), (1, 2), (2, 3), (2, 4), (3, 4), (4, 5)]------------------1
[(0, 1), (0, 2), (1, 2), (2, 3), (2, 4), (2, 5), (3, 4), (4, 5)]------------------1
[(0, 1), (1, 2), (1, 3), (1, 4), (1, 5), (2, 3), (3, 4), (4, 5)]------------------1
Inner Graphs for n = 8:  5
[(0, 1), (0, 2), (0, 3), (0, 4), (0, 5), (1, 2), (2, 3), (3, 4), (4, 5)]------------------12
[(0, 1), (0, 2), (0, 3), (0, 4), (1, 2), (1, 4), (2, 3), (3, 4), (4, 5)]------------------4
[(0, 1), (0, 2), (0, 3), (0, 4), (1, 2), (2, 3), (3, 4), (3, 5), (4, 5)]------------------11
[(0, 1), (0, 2), (0, 4), (0, 5), (1, 2), (2, 3), (2, 4), (3, 4), (4, 5)]------------------2
Inner Graphs for n = 9:  4
[(0, 1), (0, 2), (0, 3), (0, 4), (0, 5), (1, 2), (1, 5), (2, 3), (3, 4), (4, 5)]------------------7
[(0, 1), (0, 2), (0, 3), (0, 4), (1, 2), (1, 4), (1, 5), (2, 3), (3, 4), (4, 5)]------------------14
Inner Graphs for n = 10:  2
[(0, 1), (0, 2), (0, 3), (0, 4), (1, 2), (1, 4), (1, 5), (2, 3), (2, 5), (3, 4), (4, 5)]------------------8
Inner Graphs for n = 11:  1
[(0, 1), (0, 2), (0, 3), (0, 4), (1, 2), (1, 4), (1, 5), (2, 3), (2, 5), (3, 4), (3, 5), (4, 5)]------------------doesnot exist
Inner Graphs for n = 12:  1

Total 18 inner graphs and 75 RFPs from these inner graphs.

