[(0, 1), (1, 2), (2, 3), (3, 4), (4, 5), (5, 6)]
Inner Graphs for n = 6:  1
[(0, 1), (0, 2), (1, 2), (2, 3), (3, 4), (4, 5), (5, 6)]
Inner Graphs for n = 7:  1
[(0, 1), (0, 2), (0, 3), (1, 2), (2, 3), (3, 4), (4, 5), (5, 6)]
[(0, 1), (0, 2), (1, 2), (2, 3), (3, 4), (4, 5), (4, 6), (5, 6)]
[(0, 1), (0, 3), (1, 2), (1, 3), (2, 3), (3, 4), (4, 5), (5, 6)]
[(0, 1), (1, 2), (1, 3), (2, 3), (2, 4), (3, 4), (4, 5), (5, 6)]
Inner Graphs for n = 8:  4
[(0, 1), (0, 2), (0, 3), (0, 4), (1, 2), (2, 3), (3, 4), (4, 5), (5, 6)]
[(0, 1), (0, 2), (0, 3), (1, 2), (2, 3), (3, 4), (4, 5), (4, 6), (5, 6)]
[(0, 1), (0, 2), (0, 4), (1, 2), (2, 3), (2, 4), (3, 4), (4, 5), (5, 6)]
[(0, 1), (0, 2), (1, 2), (2, 3), (2, 4), (3, 4), (3, 5), (4, 5), (5, 6)]
[(0, 1), (0, 2), (1, 2), (2, 3), (3, 4), (3, 5), (3, 6), (4, 5), (5, 6)]
[(0, 1), (1, 2), (1, 3), (1, 4), (2, 3), (3, 4), (3, 5), (4, 5), (5, 6)]
[(0, 1), (1, 2), (1, 3), (2, 3), (2, 4), (2, 5), (3, 4), (4, 5), (5, 6)]
[(0, 1), (0, 4), (1, 2), (1, 4), (2, 3), (2, 4), (3, 4), (4, 5), (5, 6)]
Inner Graphs for n = 9:  8
[(0, 1), (0, 2), (0, 3), (0, 4), (0, 5), (1, 2), (2, 3), (3, 4), (4, 5), (5, 6)]
[(0, 1), (0, 2), (0, 3), (0, 4), (1, 2), (1, 4), (2, 3), (3, 4), (4, 5), (5, 6)]
[(0, 1), (0, 2), (0, 3), (0, 4), (1, 2), (2, 3), (3, 4), (3, 5), (4, 5), (5, 6)]
[(0, 1), (0, 2), (0, 3), (0, 4), (1, 2), (2, 3), (3, 4), (4, 5), (4, 6), (5, 6)]
[(0, 1), (0, 2), (0, 3), (0, 5), (1, 2), (2, 3), (3, 4), (3, 5), (4, 5), (5, 6)]
[(0, 1), (0, 2), (0, 3), (1, 2), (2, 3), (3, 4), (3, 5), (3, 6), (4, 5), (5, 6)]
[(0, 1), (0, 2), (0, 3), (1, 2), (2, 3), (3, 4), (3, 5), (4, 5), (4, 6), (5, 6)]
[(0, 1), (0, 2), (0, 4), (0, 5), (1, 2), (2, 3), (2, 4), (3, 4), (4, 5), (5, 6)]
[(0, 1), (0, 2), (0, 4), (1, 2), (2, 3), (2, 4), (3, 4), (4, 5), (4, 6), (5, 6)]
[(0, 1), (0, 2), (0, 5), (1, 2), (2, 3), (2, 4), (2, 5), (3, 4), (4, 5), (5, 6)]
[(0, 1), (0, 2), (1, 2), (2, 3), (2, 4), (2, 5), (2, 6), (3, 4), (4, 5), (5, 6)]
[(0, 1), (0, 2), (0, 5), (1, 2), (2, 3), (2, 5), (3, 4), (3, 5), (4, 5), (5, 6)]
[(0, 1), (0, 3), (0, 5), (1, 2), (1, 3), (2, 3), (3, 4), (3, 5), (4, 5), (5, 6)]
[(0, 1), (0, 3), (1, 2), (1, 3), (2, 3), (3, 4), (3, 5), (3, 6), (4, 5), (5, 6)]
[(0, 1), (1, 2), (1, 3), (1, 4), (1, 5), (1, 6), (2, 3), (3, 4), (4, 5), (5, 6)]
[(0, 1), (1, 2), (1, 3), (1, 4), (2, 3), (2, 5), (3, 4), (3, 5), (4, 5), (5, 6)]
[(0, 1), (0, 5), (1, 2), (1, 3), (1, 5), (2, 3), (3, 4), (3, 5), (4, 5), (5, 6)]
Inner Graphs for n = 10:  17
[(0, 1), (0, 2), (0, 3), (0, 4), (0, 5), (0, 6), (1, 2), (2, 3), (3, 4), (4, 5), (5, 6)]
[(0, 1), (0, 2), (0, 3), (0, 4), (0, 5), (1, 2), (1, 5), (2, 3), (3, 4), (4, 5), (5, 6)]
[(0, 1), (0, 2), (0, 3), (0, 4), (0, 5), (1, 2), (2, 3), (3, 4), (4, 5), (4, 6), (5, 6)]
[(0, 1), (0, 2), (0, 3), (0, 4), (1, 2), (1, 4), (1, 5), (2, 3), (3, 4), (4, 5), (5, 6)]
[(0, 1), (0, 2), (0, 3), (0, 4), (1, 2), (1, 4), (2, 3), (3, 4), (4, 5), (4, 6), (5, 6)]
[(0, 1), (0, 2), (0, 3), (0, 4), (1, 2), (2, 3), (2, 5), (3, 4), (3, 5), (4, 5), (5, 6)]
[(0, 1), (0, 2), (0, 3), (0, 4), (1, 2), (2, 3), (3, 4), (3, 5), (4, 5), (4, 6), (5, 6)]
[(0, 1), (0, 2), (0, 3), (0, 5), (0, 6), (1, 2), (2, 3), (3, 4), (3, 5), (4, 5), (5, 6)]
[(0, 1), (0, 2), (0, 3), (0, 5), (1, 2), (1, 5), (2, 3), (3, 4), (3, 5), (4, 5), (5, 6)]
Inner Graphs for n = 11:  9
[(0, 1), (0, 2), (0, 3), (0, 4), (0, 5), (0, 6), (1, 2), (1, 6), (2, 3), (3, 4), (4, 5), (5, 6)]
[(0, 1), (0, 2), (0, 3), (0, 4), (0, 5), (1, 2), (1, 5), (1, 6), (2, 3), (3, 4), (4, 5), (5, 6)]
[(0, 1), (0, 2), (0, 3), (0, 4), (0, 5), (1, 2), (2, 3), (3, 4), (3, 6), (4, 5), (4, 6), (5, 6)]
[(0, 1), (0, 2), (0, 3), (0, 4), (1, 2), (1, 4), (1, 5), (2, 3), (2, 5), (3, 4), (4, 5), (5, 6)]
[(0, 1), (0, 2), (0, 3), (0, 4), (1, 2), (1, 5), (2, 3), (2, 5), (3, 4), (3, 5), (4, 5), (5, 6)]
[(0, 1), (0, 2), (0, 3), (0, 4), (1, 2), (2, 3), (2, 5), (2, 6), (3, 4), (3, 5), (4, 5), (5, 6)]
[(0, 1), (0, 2), (0, 3), (0, 4), (1, 2), (2, 3), (2, 5), (3, 4), (3, 5), (4, 5), (4, 6), (5, 6)]
Inner Graphs for n = 12:  7
[(0, 1), (0, 2), (0, 3), (0, 4), (0, 5), (1, 2), (1, 5), (1, 6), (2, 3), (2, 6), (3, 4), (4, 5), (5, 6)]
[(0, 1), (0, 2), (0, 3), (0, 4), (0, 5), (1, 2), (2, 3), (2, 6), (3, 4), (3, 6), (4, 5), (4, 6), (5, 6)]
Inner Graphs for n = 13:  2
[(0, 1), (0, 2), (0, 3), (0, 4), (0, 5), (1, 2), (1, 5), (1, 6), (2, 3), (2, 6), (3, 4), (3, 6), (4, 5), (5, 6)]
[(0, 1), (0, 2), (0, 3), (0, 4), (0, 5), (1, 2), (1, 6), (2, 3), (2, 6), (3, 4), (3, 6), (4, 5), (4, 6), (5, 6)]
Inner Graphs for n = 14:  2
Inner Graphs for n = 15:  0
Inner Graphs for n = 16:  0
Inner Graphs for n = 17:  0
