Isomorphics:  6
Non-Planar:  0
K4 as Subgraph:  0
Isomorphics:  12
Non-Planar:  0
K4 as Subgraph:  0
Inner Graphs for n = 6:  2
[(0, 1), (0, 2), (1, 2), (2, 3), (3, 4), (4, 5)]
[(0, 1), (1, 2), (1, 3), (2, 3), (3, 4), (4, 5)]
Isomorphics:  46
Non-Planar:  0
K4 as Subgraph:  8
Inner Graphs for n = 7:  6
[(0, 1), (0, 2), (0, 3), (1, 2), (2, 3), (3, 4), (4, 5)]
[(0, 1), (0, 2), (1, 2), (2, 3), (2, 4), (3, 4), (4, 5)]
[(0, 1), (0, 2), (1, 2), (2, 3), (3, 4), (3, 5), (4, 5)]
[(0, 1), (0, 3), (1, 2), (1, 3), (2, 3), (3, 4), (4, 5)]
[(0, 1), (1, 2), (1, 3), (1, 4), (2, 3), (3, 4), (4, 5)]
[(0, 1), (1, 2), (1, 3), (2, 3), (2, 4), (3, 4), (4, 5)]
Isomorphics:  42
Non-Planar:  0
K4 as Subgraph:  22
Inner Graphs for n = 8:  6
[(0, 1), (0, 2), (0, 3), (0, 4), (1, 2), (2, 3), (3, 4), (4, 5)]
[(0, 1), (0, 2), (0, 3), (1, 2), (2, 3), (3, 4), (3, 5), (4, 5)]
[(0, 1), (0, 2), (0, 4), (1, 2), (2, 3), (2, 4), (3, 4), (4, 5)]
[(0, 1), (0, 2), (1, 2), (2, 3), (2, 4), (2, 5), (3, 4), (4, 5)]
[(0, 1), (0, 3), (1, 2), (1, 3), (1, 4), (2, 3), (3, 4), (4, 5)]
[(0, 1), (1, 2), (1, 3), (1, 4), (1, 5), (2, 3), (3, 4), (4, 5)]
Isomorphics:  31
Non-Planar:  0
K4 as Subgraph:  34
Inner Graphs for n = 9:  6
[(0, 1), (0, 2), (0, 3), (0, 4), (0, 5), (1, 2), (2, 3), (3, 4), (4, 5)]
[(0, 1), (0, 2), (0, 3), (0, 4), (1, 2), (1, 4), (2, 3), (3, 4), (4, 5)]
[(0, 1), (0, 2), (0, 3), (0, 4), (1, 2), (2, 3), (3, 4), (3, 5), (4, 5)]
[(0, 1), (0, 2), (0, 4), (0, 5), (1, 2), (2, 3), (2, 4), (3, 4), (4, 5)]
[(0, 1), (0, 2), (0, 4), (1, 2), (2, 3), (2, 4), (2, 5), (3, 4), (4, 5)]
[(0, 1), (1, 2), (1, 3), (1, 4), (1, 5), (2, 3), (2, 5), (3, 4), (4, 5)]
Isomorphics:  3
Non-Planar:  2
K4 as Subgraph:  24
Inner Graphs for n = 10:  3
[(0, 1), (0, 2), (0, 3), (0, 4), (0, 5), (1, 2), (1, 4), (2, 3), (3, 4), (4, 5)]
[(0, 1), (0, 2), (0, 3), (0, 4), (0, 5), (1, 2), (1, 5), (2, 3), (3, 4), (4, 5)]
[(0, 1), (0, 2), (0, 3), (0, 4), (1, 2), (1, 4), (1, 5), (2, 3), (3, 4), (4, 5)]
Isomorphics:  1
Non-Planar:  4
K4 as Subgraph:  2
Inner Graphs for n = 11:  1
[(0, 1), (0, 2), (0, 3), (0, 4), (1, 2), (1, 4), (1, 5), (2, 3), (2, 5), (3, 4), (4, 5)]
Isomorphics:  0
Non-Planar:  6
K4 as Subgraph:  0
Inner Graphs for n = 12:  1
[(0, 1), (0, 2), (0, 3), (0, 4), (1, 2), (1, 4), (1, 5), (2, 3), (2, 5), (3, 4), (3, 5), (4, 5)]
Isomorphics:  0
Non-Planar:  0
K4 as Subgraph:  0
Inner Graphs for n = 13:  0
